42 TEU 1431,-15 10,5 10,0 10,-4 6,-6 -40,0
44 HAM 682,-20 6,8 1,13 3,4 22,8 4,0 2,-1 1,-4 -1,-12 -2,-6 -9,-10
46 MKL 855,-15 -6,9 -1,3 2,2 20,9 29,9 2,-2 0,-4 -2,-17 2,-3 7,-2 2,-5 0,-4 -53,0
47 POM 923,-20 2,5 6,1 9,-2 3,-4
48 POM 1076,-20 -5,17 1,5 2,3 4,2 6,0 31,-7 7,-6 7,-14
49 BRA 1129,-20 -9,16 -4,3 -13,5 -32,3 -10,6 -37,14 -7,5 -3,6 -8,3 -1,3 8,11 7,5 19,8 9,0 20,-4 19,0 15,3 4,4 4,1 13,-1 6,-5 1,-4 6,-30 5,-11 12,-12 15,-10 9,-19
50 BRA 961,24 -44,7 12,44 6,11 11,8 8,4 17,3 20,-3 19,-8 4,-6 1,-10 -4,-18 -5,-14 0,-2 3,-1 -1,-2 -15,-7
51 BRA 815,26 -7,9 2,6 8,5 20,8 4,6 12,4 17,12 21,7 30,3 9,0 0,-6 -11,-35 -6,-14 -5,-4 -9,-2 -6,-6 -8,-4 -24,-10 -19,-5 -13,9
52 MAG 844,73 -7,25 -8,9 -6,2 -15,2 -9,6 -10,2 -7,4 -5,11 -6,6 -1,7 1,7 6,2 29,-3 15,-5 9,-6 18,-8 19,-6 13,-1 3,-2 1,-3 -2,-11 -17,-39 -7,-6 -4,0 -4,2
53 LUN 692,15 1,13 5,31 -2,8 -9,11 1,3 33,8 24,12 11,1 8,-2 5,-5 1,-7 -8,-13 2,-5 4,-5 15,-7 26,-4 6,-5 0,-4 -2,-2 -13,-5 -17,-3 -22,0 -7,-2 -13,-9 -18,-4 -5,-5 -5,-2 -12,-3 -5,1
54 VER 612,-20 3,6 8,6 6,15 22,30 6,14 8,10 16,11 6,1 5,-1 4,-5 2,-6 0,-9 -5,-27 0,-14 -1,-5 -23,-13 -14,-13
55 OLD 552,-17 8,60 2,4 12,3 10,8 9,3 11,-2 18,-10 -14,-7 -4,-6 0,-36 -3,-11 -4,-2 -2,1 2,15 -4,4 -4,-1 -7,-5 -1,-2 5,-3 1,-2 -3,-8 -4,-3 -5,-3 -20,0
56 MUN 542,54 -11,2 -18,-2 -2,4 0,8 3,4 8,6 12,0 3,3 3,9 -1,12 3,4 9,10 14,8 13,13 5,0 17,-10 5,-4 1,-4 -1,-6 -16,-30 -2,-7 0,-10 -4,-7 -8,-5 -10,-3 -10,1
57 BRU 749,104 -14,9 -11,2 -12,4 -25,17 -19,7 -7,5 0,3 1,2 6,1 4,4 3,12 9,15 3,13 3,3 11,3 6,5 16,3 19,0 7,-1 5,-5 5,-10 8,-25 3,-12 1,-17 6,-9 2,-7 1,-18 -4,-4 -15,-2
58 ANH 842,135 -25,15 -9,3 -22,2 -8,3 -10,13 -2,4 1,3 13,2 32,-2 7,1 6,4 14,2 14,-4 8,-7 17,-4 5,-5 3,-7 0,-8 -3,-9 -9,-11 -7,-2 -6,1
59 SAX 891,136 -5,6 1,11 -2,7 -9,17 1,2 9,2 5,4 11,24 5,6 5,1 3,-4 2,-9 -1,-19 3,-9 3,-2 4,0 10,5 7,0 18,-6 7,-4 4,-5 1,-5 -2,-6 -11,-9 -6,-2 -14,1 -30,-13 -10,2
60 BOH 1007,172 -14,8 -3,5 0,6 1,6 4,5 14,9 4,7 12,5 8,9 5,3 33,-1 5,2 5,5 2,1 2,-2 5,-29 0,-11 -6,-10 -14,-14 -5,-3 -9,6 -16,3 -16,-4 -13,-11 -3,2
61 MEI 972,164 -12,8 -15,6 -7,0 -12,-5 -4,0 -3,2 -2,5 -1,18 2,19 4,7 8,9 3,6 0,12 2,6 4,3 6,0 9,-3 32,-15 18,-5 3,-4 3,-19 -3,-4 -12,-8 -4,-5 -2,-14 -6,-9 -4,-14 -4,-1
62 SAX 853,181 -6,3 -15,1 -7,-2 -11,-5 -10,0 -30,3 -5,2 -6,5 -5,17 1,3 5,2 45,1 24,11 29,4 4,2 1,3 18,-24 11,-6 -3,-17 -2,-2 -13,-3 -4,-6 -3,-1 -8,1
63 SAX 742,215 -3,6 -2,13 -10,18 0,5 10,9 6,19 9,8 13,5 14,2 13,-3 18,-14 25,-10 4,-6 3,-13 6,-5 2,-8 3,-2 10,-2 3,-5 -1,-5 -1,-1 -31,-4 -19,-9 -13,-2 -33,-2 -14,1
64 BAV 851,418 -8,8 -4,7 -6,14 0,5 17,4 12,6 3,3 4,8 5,6 13,12 7,4 4,0 2,-2 1,-5 -2,-6 3,-5 9,1 14,4 6,-1 21,-18 7,-9 -2,-7 -3,-3 -14,-5 -4,-6 -3,-1 -9,0 -10,5 -5,0 -10,-3 -18,-13 -15,-6
65 BAV 803,453 -5,4 -6,13 -12,60 64,5 21,1 11,-4 12,-10 12,-4 1,-4 -5,-12 -25,-26 -7,-13 -8,-5 -25,-6 -13,-1
66 WBG 819,279 -12,6 -13,12 -18,3 -5,2 -3,9 -8,6 -3,8 3,10 7,9 7,3 5,-1 25,-11 6,2 8,7 8,2 8,-6 13,-18 15,-10 3,-5 2,-4 -5,-11 -16,-17 -4,-2
67 NUM 783,345 -5,6 -2,9 0,17 4,6 26,7 5,0 11,-7 9,-13 3,-13 -1,-8 -13,-3 -9,-8 -7,-3 -10,3
68 MEM 725,447 -25,20 -4,7 -1,8 2,19 5,17 9,13 5,3 13,1 11,-5 5,-7 7,-50 3,-9 4,-5 -2,-2 -17,-8 -6,-5
69 RVA 666,462 -23,19 -17,10 -4,8 -2,9 2,9 5,7 9,4 27,9 1,-1 -6,-9 0,-4 2,-1 11,1 15,7 9,9 -7,3 -1,3 1,8 3,5 12,9 8,-1 12,-10 3,-11 -4,-8 -11,-6 -6,-7 -4,-9 -5,-22 1,-23 -1,-9 -4,-5 -5,-2 -8,2
70 WUR 657,402 -26,1 -9,7 -9,16 -5,18 0,16 6,16 8,10 6,1 11,-3 22,-19 23,-12 3,-3 2,-11 0,-23 -1,-10 -4,-6 -5,-3 -8,1
71 ANS 729,349 -11,5 -16,-1 -6,12 -16,16 -2,6 1,5 2,5 8,8 14,3 38,-2 2,1 4,6 12,3 12,-4 27,-4 8,-5 4,-8 -2,-3 -25,-8 -6,-3 -2,-21 -3,-7 -9,-13 -5,-4 -6,-2 -5,2
72 BAD 550,473 -3,8 1,8 5,17 2,16 2,4 4,3 6,2 19,1 13,-2 11,-6 8,-9 4,-11 0,-12 -5,-13 -12,-10 -15,-6 -8,-1 -9,3 -2,-6 -2,-1 -8,2 -5,4
73 HAB 735,532 -5,7 -5,7 -2,12 2,10 7,4 13,2 5,10 16,-2 11,2 3,3 2,4 -1,8 1,6 5,5 11,6 12,4 7,-1 2,-4 4,-3 24,-15 14,-17 1,-4 -1,-2 -20,-4 -9,-6 1,-2 10,-9 2,-7 -1,-4 -3,-4 -6,-2 -81,-10 -9,1
74 BAD 584,402 -19,38 -6,15 3,2 8,1 3,4 4,2 25,1 4,-4 2,-17 5,-17 8,-17 0,-8 -11,-14 -8,-5 -8,4
75 ALS 537,398 -9,6 -7,1 -4,4 -8,27 -7,12 -2,16 1,17 3,11 3,5 6,0 5,-2 13,-12 15,-8 9,-13 29,-62 -14,-7 -21,-6
76 SLZ 901,480 -1,31 -2,6 -10,5 -18,12 -23,5 -1,7 1,6 3,3 60,-3 26,-4 11,-4 8,-7 5,-7 2,-8 -3,-7 -6,-7 -17,-12 -3,-10 -25,-10 -5,1
77 PAL 606,356 -2,6 2,15 9,16 6,6 13,4 18,-1 16,-4 9,-7 0,-6 -2,-5 -10,-5 -15,-16 -9,-6 -18,-6 -8,1 -6,3
78 MAI 653,309 -5,5 -3,2 -19,2 -13,-2 -15,-10 -20,-6 -7,1 -1,1 -1,7 4,11 9,8 13,8 16,8 16,3 15,6 12,9 9,11 4,4 6,1 11,-3 11,-8 4,-6 -10,-33 0,-6 6,-11 0,-5 -5,-6 -30,-4 -4,3
79 WBG 685,254 -9,29 -7,11 3,4 18,2 4,3 1,9 -7,14 3,11 4,8 6,6 6,3 8,0 8,-2 30,-19 3,-3 3,-11 9,-6 2,-3 -1,-4 -7,-8 -17,-11 -4,-7 -3,-10 -3,-6 -11,-9 -16,-6 -10,-1 -7,1
80 TRI 466,303 -3,3 0,7 9,12 3,8 -3,9 -8,12 -1,9 2,5 4,3 15,2 19,-5 10,-5 5,-6 3,-15 7,-12 -2,-8 -5,-10 -9,-8 -10,-7 -11,-2 -16,2
81 HES 622,212 -13,27 -5,4 -9,3 -3,4 4,15 4,8 12,11 7,2 19,1 18,6 6,1 5,-2 9,-10 2,-7 1,-8 -4,-15 -11,-12 -11,-6 -4,-5 -1,-19 -3,-5 -5,-2 -6,1 -8,4
82 KOL 588,175 -9,17 -15,15 -5,10 1,10 4,8 11,4 10,8 7,0 14,-6 5,-6 6,-13 7,-12 8,-7 8,-1 2,-4 -2,-4 -30,-5 -2,-3 0,-15 -3,-5 -3,-3 -4,2
83 NSA 538,223 -6,12 -7,27 13,7 23,22 11,6 10,4 10,2 8,-2 6,-6 3,-9 -20,-35 -10,-9 -13,-6 -7,-15 -6,-5 -8,2
84 KLE 517,180 -16,12 -10,2 -2,6 4,8 10,12 4,15 7,5 2,12 2,3 4,0 3,-3 3,-5 6,-17 4,-7 31,-20 10,-12 2,-4 -2,-4 -12,-8 -16,-7 -6,-1
85 KOL 469,195 -2,10 4,25 7,21 7,11 8,-6 15,-5 4,-3 3,-7 -1,-2 -5,-2 -2,-2 -3,-14 -13,-16 -7,-14 -5,-1
86 MUN 550,120 -14,9 -11,14 -9,16 -1,9 3,3 4,0 17,-2 11,0 11,3 21,10 26,-30 -21,-10 -18,-16 -10,-8 -8,-1
87 ENG 151,231 -8,6 -5,8 -1,9 3,8 8,8 6,4 11,1 3,-2 3,-5 3,-15 3,-2 11,-1 1,-1 -1,-4 -7,-15 -5,-5
88 BUR 172,256 -2,16 -5,6 -2,7 1,9 4,6 13,9 21,4 4,3 2,6 4,4 11,7 8,1 15,-31 0,-4 -3,-8 -7,-6 -14,-5 -4,-7 -7,-5 -27,-16 -6,-1 -3,1
89 BUR 134,289 -6,15 -10,13 2,9 7,10 12,8 16,6 17,2 17,-2 6,-3 4,-4 6,-17 0,-11 -3,-2 -12,-2 -8,-2 -13,-9 -5,-5 -2,-10 -8,-11 -10,-8 -4,-2 -3,6
90 FLA 222,210 -36,14 -3,4 0,6 8,16 7,8 18,13 5,8 10,3 6,-2 5,-3 7,-13 6,-37 9,-30 -2,-2 -6,0
91 BUR 242,280 -1,9 6,7 6,1 10,-5 5,1 15,11 13,18 8,3 8,-1 5,-3 4,-24 2,-4 6,-5 1,-3 -4,-7 -6,-6 -10,-4 -17,-2 -41,1 -6,4
92 BRB 318,230 -8,2 -4,5 -8,14 -3,13 3,3 17,-2 8,10 4,2 14,-3 7,-4 28,-21 2,-3 -2,-8 -4,-2 -25,0 -6,-2 -5,-6 -8,-3 -7,1
93 LIE 389,256 -14,51 -9,17 2,5 13,4 9,-1 11,-9 15,-1 8,-4 17,-16 7,-12 0,-5 -3,-2 -11,-3 -6,-6 -14,-6 -6,-12 -3,-3 -8,-3 -4,1
94 BUR 426,318 -6,4 -19,0 -5,4 -12,25 0,5 1,4 15,16 8,4 6,0 7,-4 5,-1 12,12 5,3 11,1 5,-2 7,-7 3,-4 -5,-11 -1,-6 2,-12 3,-4 6,-3 1,-4 -3,-11 -10,-12 -14,-9 -5,-2 -5,1 -4,4
95 BRB 399,153 -15,5 -33,7 -3,2 -4,6 -3,10 1,3 8,1 19,-1 18,10 19,-1 8,7 5,1 7,-1 9,-9 10,-17 3,-9 -1,-7 -4,-5 -9,-4 -12,-3 -13,-1
96 HOL 283,164 2,3 14,4 16,8 -2,1 -8,0 -10,-5 -9,-1 -19,5 -1,1 4,4 8,4 12,2 28,1 11,-1 8,-3 6,-11 -2,-6 -10,-5 -11,0 -3,3 -4,1 -24,-10 -4,1
97 HOL 342,91 -10,24 -25,30 -6,11 2,3 33,7 33,-5 10,-4 2,-2 -3,-12 -11,-13 6,-15 -1,-12 4,-9 -1,-17 12,1 2,-5 -9,-13 -3,-8 -8,-2 -9,1 -7,4 | 359,31 -5,11 1,2 4,-1 2,-2 4,-7 -1,-6
98 UTR 369,124 0,8 8,7 8,18 3,1 10,-4 6,-4 5,-7 2,-8 -2,-8 -5,-8 -8,-6 -11,-5 -6,0 -4,3
99 GEL 435,71 -1,7 -6,15 -12,13 -14,10 14,24 6,6 8,4 7,2 6,-1 5,-7 5,-2 31,2 12,-1 1,-3 -2,-4 -7,-9 -3,-5 5,-32 0,-8 -2,-5 -23,-4 -14,-8 -11,-3 -7,1
100 FRI 403,8 4,0 1,-2 -10,0 | 470,6 -31,3 -11,3 -20,7 -6,5 -2,4 -1,21 2,7 24,6 20,0 6,3 8,5 8,3 11,1 30,-1 1,-31 3,-16 -1,-5 -8,-10 -13,-10
101 GEN 614,769 3,7 8,13 5,12 2,2 22,6 48,22 1,-13 -3,-11 -9,-3 -16,-9 -13,-12 -5,-9 -7,-5 -20,-4 -9,1
102 SAV 497,818 -4,15 2,12 18,29 36,-19 4,-23 -3,-4 -18,-3 -32,-10
103 SAV 534,682 -14,8 -5,8 -3,6 8,20 -9,18 0,8 8,12 6,3 27,-7 10,-8 1,-4 -2,-4 -10,-11 0,-7 3,-4 5,-2 18,2 4,-2 -1,-4 -6,-3 -3,-18 -6,-8 -16,-7
104 MLO 633,626 -5,2 -14,0 -2,1 -2,6 2,15 6,7 2,8 -2,7 -4,2 -2,4 0,8 2,4 5,3 2,11 2,3 5,4 3,12 5,3 4,-2 3,-6 5,-3 34,-9 3,-2 1,-7 -3,-11 -8,-11 -4,-17 -9,-18 -3,-11 -2,-2 -8,1 -5,-1 -9,-5
105 MLO 669,753 -5,4 -3,8 0,15 4,7 18,12 20,9 17,5 5,1 3,-1 4,-15 9,-10 2,-6 -1,-12 -7,-12 -12,-8 -11,-2 -25,2
106 FER 748,765 -4,6 -2,14 -9,12 -2,5 0,5 8,12 8,5 11,7 6,1 4,-4 2,-5 1,-15 2,-7 21,-21 5,-7 1,-5 -4,-4 -8,-2 -24,0
107 MLO 720,634 -12,3 -22,-1 -8,1 -4,3 -2,5 -1,7 3,18 3,7 8,13 2,19 3,6 3,4 4,1 5,-1 7,-7 5,-3 24,-1 6,-6 5,-12 9,-5 3,-6 2,-10 0,-23 -1,-5 -4,-7 -8,-6 -11,-3 -10,3
108 VEN 793,679 -7,2 -16,-1 -10,3 -9,6 -6,7 -1,6 2,7 7,8 10,9 21,11 22,1 20,-3 4,-6 1,-11 -4,-12 -18,-20 -6,-12 -4,0
109 MAN 705,718 3,8 15,13 7,13 11,9 10,2 16,0 17,-3 7,-3 1,-7 -2,-9 -12,-6 -28,-18 -12,-5 -11,-3 -10,0 -8,2
110 HAB 818,616 -9,4 -5,-1 -22,-11 -11,21 -6,16 -3,23 2,6 16,5 7,0 14,-5 5,-5 14,-18 28,-28 4,-7 -2,-6 -4,-4 -8,-3 -9,4
111 VEN 867,619 9,25 7,9 2,17 6,12 12,9 7,3 7,2 6,-2 6,-4 5,-7 8,-22 3,-25 -2,-7 -5,-5 -8,-3 -38,-5 -23,1
112 VEN 872,692 -28,17 -3,7 3,10 4,2 6,1 15,-3 15,-9 6,-6 1,-5 -11,-17 -3,-2
113 FER 828,736 -10,3 -20,1 -5,3 -1,6 1,8 3,6 5,6 15,7 45,10 5,-2 5,-11 8,-1 5,-5 1,-6 -2,-5 -6,-7 -10,-7 -21,-5 -11,-4 -3,0
114 PAP 779,794 -5,7 -4,11 1,5 3,3 6,2 32,3 8,-1 3,-2 1,-3 3,-1 5,1 8,4 6,11 3,1 21,-10 7,-6 -7,-27 -6,-4 -11,-4 -33,-7 -10,-1 -8,2 -8,4
115 LAN 736,938 -4,1 -7,-1 -3,3 3,4 8,1 6,-1 4,-4 0,-5 -1,-3 | 765,872 -5,4 -19,-6 -4,1 -2,2 3,12 12,22 3,18 2,2 15,-3 3,-3 2,-7 2,-32 -6,-18
116 LAN 767,828 4,28 10,36 2,3 3,1 12,-1 8,4 3,-2 5,-13 1,-27 2,-3 4,-2 -10,-24 -9,-4 -17,0 -13,2
117 MLO 780,902 -5,8 -2,11 -8,4 -1,3 3,9 3,4 15,9 10,11 0,4 -8,8 27,2 10,-1 5,-3 4,-5 8,-14 5,-18 -1,-12 -4,-5 -6,-4 -39,-19 -8,0
118 NAP 842,951 -7,13 -11,12 -3,5 6,3 12,18 14,8 39,34 9,7 9,3 12,9 12,3 10,-3 4,-7 21,-15 7,-8 0,-3 -3,-3 -20,-3 -5,-1 -4,-7 -12,-7 -33,-8 -5,-11 -9,-12 -15,-15 -8,-6 -15,-6
119 PAP 907,864 -3,7 -2,12 1,9 8,22 10,16 13,8 11,14 19,-14 16,-7 0,-9 -8,-21 -7,-15 -7,-10 -18,-10 -15,-12 -7,1
120 NAP 945,951 -12,12 -2,4 0,18 -3,6 -6,7 0,4 9,7 12,4 3,8 3,3 19,2 13,4 8,7 2,7 3,2 25,5 4,-1 5,-24 11,-11 4,-9 0,-6 -2,-3 -40,-36 -14,-17 -3,-8 -3,-3 -10,2 -7,3
121 NAP 976,1035 -27,21 -2,4 0,2 3,2 13,2 10,5 5,5 16,24 45,0 2,-2 4,-8 3,-20 -1,-7 -3,-6 -4,-4 -6,-3 -38,-3 -5,-4 -4,-9 -5,-4 -4,1
122 NAP 1210,1092 -24,8 45,0 -15,-7
127 SAR 657,1066 -21,20 -9,6 -10,5 -14,3 88,0 -9,-20 -6,-7 -13,-8 | 596,1098 -3,-5 -4,7 12,0
128 HAB 943,558 -17,6 -6,4 -1,2 7,31 -1,6 -5,8 2,4 15,4 9,8 7,2 56,-11 10,1 14,5 6,-2 10,-8 9,-3 1,-7 -1,-6 -6,-19 -6,-10 -5,-3 -19,-5 -59,-8
129 HAB 1039,626 -8,2 -16,-6 -10,0 -24,6 -7,2 -5,3 -1,3 11,9 5,20 7,12 7,20 5,5 10,4 6,0 7,-4 4,-1 14,8 6,1 7,-1 7,-3 5,-5 10,-17 18,-21 4,-9 6,-5 0,-3 -5,-11 -6,-8 -12,-7 -16,-3 -14,0 -9,3
130 VEN 1010,793 2,0 7,-6 6,0 -4,-21 -5,-5 -5,2 -1,6 | 1023,748 5,7 7,4 5,2 2,0 -3,-9 -13,-15 -3,4 | 955,696 -3,4 0,6 9,32 17,28 5,6 6,2 0,-8 12,-20 4,-28 5,-5 2,-5 -3,-3 -6,-1 -3,-4 -7,-20 -3,-1 -11,4
131 HUN 1104,651 -6,10 -18,21 -6,9 1,3 14,8 8,10 14,33 10,0 23,6 5,0 6,-6 15,-5 16,-16 7,-2 12,-1 4,-2 -4,-14 -18,-2 -7,-6 -15,-5 -8,-5 -15,-18 -3,-17 -3,-5 -21,-3 -6,2
132 HAB 984,498 -7,3 -2,3 -5,18 -5,3 -6,8 -2,10 3,8 14,7 10,3 48,7 10,3 7,4 2,-3 1,-13 3,-9 27,-25 5,-8 -2,-4 -5,-4 -15,-8 -8,-2 -46,-4
133 HAB 985,441 -1,6 -2,2 -21,8 -23,17 -3,6 -1,6 1,6 4,6 15,10 12,15 2,0 2,-2 4,-14 5,-7 42,-9 12,-6 17,-17 4,-7 1,-6 -1,-7 -8,-14 -8,-7 -11,-4 -45,-1
134 HAB 1119,440 -8,6 -3,5 -14,4 -5,6 -5,1 -21,-2 -5,1 -9,8 -11,13 -5,9 0,5 9,3 12,-1 8,1 50,23 35,10 2,-16 5,-9 5,-3 27,-11 11,-10 3,-4 0,-3 -10,-25 -6,-8 -4,-2 -23,-7 -14,-2 -12,2
135 HUN 1192,489 -11,7 -23,8 -4,4 -3,5 -5,30 -5,4 -3,6 0,9 4,7 0,5 -4,10 -13,16 -1,2 3,2 69,10 6,-1 12,-8 23,-11 2,-4 -1,-3 -18,-13 -4,-7 5,-24 6,-9 -1,-4 -9,-3 -2,-3 4,-5 13,-1 -2,-6 3,-9 -1,-6 -6,-6 -22,-16
136 VEN 1127,926 6,2 9,-2 4,-3 1,-2 0,-3 -9,-3 -6,1 -5,4 | 1161,916 25,2 7,-1 7,-4 -10,-3 -18,-3 -18,2 -1,2 2,3 | 1150,897 6,4 13,1 10,-1 5,-3 -5,-4 -24,-4 -4,1 | 1059,848 8,4 6,-1 0,-2 -4,-6 -9,-7 -3,2 -1,4 | 1040,786 21,22 6,13 7,9 30,28 -33,8 -10,4 0,2 12,3 32,6 18,5 8,0 17,-6 7,1 15,6 17,4 12,13 14,9 13,3 8,-3 1,-5 -15,-17 -20,-17 -15,-6 -4,-8 -6,-8 -23,-21 -14,-5 -49,-4 -15,-3 -3,-3 1,-6 -1,-5 -7,-10 -19,-12 -6,-1
137 RAG 1222,948 9,2 4,-1 1,-4 -3,-3 -18,-4 0,4 | 1226,921 -12,2 -37,1 -6,4 0,5 7,4 21,0 5,-2 -1,-9 4,-2 6,6 40,15 40,22 5,1 8,0 9,-7 -4,-7 -13,-10 -48,-30 -9,-3 -5,1 -4,2
138 MON 1371,924 -16,12 -36,19 -13,19 1,3 19,11 16,20 10,9 5,0 4,-3 11,-17 17,-19 7,-5 6,-1 3,8 4,1 3,-3 2,-6 4,-5 19,-9 -19,-9 -5,-3 -9,-11 -9,-21 -3,-2 -8,1
139 BOS 1240,833 -4,2 -12,2 -6,2 -12,11 -16,10 -4,3 -2,4 1,2 11,3 8,4 23,21 18,13 19,9 8,1 8,-4 19,-14 9,-11 1,-5 -7,-24 -7,-11 -8,-9 -16,-11 -9,-3 -10,-1 -9,2
140 BOS 1263,730 -9,13 -22,18 -4,9 1,7 6,17 7,13 6,4 2,10 3,4 12,3 15,0 27,-10 12,-7 25,-22 1,-2 -4,-4 -3,-8 2,-9 6,-6 1,-3 -4,-6 -23,-7 -5,-5 -3,-7 -6,-4 -22,-1
141 SER 1442,769 -19,12 -5,1 -6,3 -26,21 -8,0 -12,-2 -6,0 3,6 8,12 -1,5 -4,6 -1,4 2,3 10,5 23,6 20,14 23,-1 5,1 5,4 7,2 16,-1 7,-2 4,-3 3,-7 -16,-29 -5,-12 -2,-11 2,-10 7,-14 1,-9 -8,-4 -18,-2
143 TUR 1460,1095 -4,-2 -5,0 -10,7 21,0
148 BYZ 1602,1024 -6,7 -9,5 -5,4 -7,18 -4,5 -6,3 -16,2 -26,-4 12,36 162,0 13,-8 3,0 7,7 3,0 0,-3 -2,-6 -13,-16 1,-6 5,-12 -1,-5 -6,-5 -5,-2 -11,-1 -4,2 -2,4 -3,2 -21,0 -32,12 -7,-8 -17,-29
149 TUR 1844,1015 -4,8 -13,10 -4,11 -4,4 -13,3 -62,7 -5,-1 -2,-8 -3,-2 -5,1 -10,5 -5,5 -6,11 1,8 14,16 6,5 23,-10 12,6 34,6 113,0 9,-10 2,-6 -14,-36 -5,-29 -6,-2 -9,-1 -8,-3 -15,-27 -6,-5 -6,6
150 TUR 1632,853 -7,5 -3,15 -7,10 0,3 7,5 3,9 6,4 3,12 9,13 15,14 19,11 5,7 13,-2 8,-6 8,-1 45,-3 48,-7 67,-1 10,-3 1,-2 -4,-11 -18,-21 -8,-12 -23,-14 -15,-14 -9,-5 -22,-4 -12,1 -19,6 -3,-1 -3,-5 -8,-2 -8,3 -1,5 -6,1 -57,-13 -19,1
151 BYZ 1910,1018 -4,6 -1,8 4,22 11,22 13,12 7,2 0,-76 -6,-1 -8,0 -11,2
152 HUN 1104,598 -7,7 -4,10 1,8 4,7 7,7 8,5 23,7 3,5 3,15 18,21 5,3 6,1 6,-1 6,-3 14,-13 13,-5 6,-7 4,-10 -2,-7 -17,-20 -6,-10 -5,-3 -16,-6 -40,-4 -25,-8
153 HUN 1346,467 -11,20 -4,4 -5,1 -5,0 -18,-12 -8,-3 -5,3 -4,13 1,11 5,4 4,10 8,7 -3,8 0,5 1,1 9,0 4,5 11,27 4,23 -1,10 -7,21 0,3 3,1 4,0 9,-6 4,-3 4,-9 6,-3 9,2 20,10 15,1 7,-2 14,-8 8,-7 0,-3 -6,-7 -1,-11 -8,-4 -3,-4 -6,-13 0,-23 -6,-20 5,-14 1,-11 -2,-11 -3,-4 -9,-6 -24,-4 -7,-7
154 HUN 1309,396 -17,12 -6,2 0,7 -9,20 -2,17 -6,15 1,5 3,4 5,3 6,0 9,-3 6,-1 16,12 6,3 5,0 5,-2 4,-4 9,-16 11,-8 1,-3 -1,-9 -10,-13 -1,-7 2,-17 2,-7 7,-8 -6,-3 -7,-1 -23,0
155 HUN 1481,544 -5,8 1,15 -4,5 -16,6 -31,6 -8,3 0,5 5,7 2,6 -6,5 -13,8 -6,8 1,10 8,11 6,1 23,-3 19,4 20,-1 10,2 19,7 10,2 19,-3 8,-4 1,-4 -7,-18 12,-7 4,-5 2,-6 0,-7 -2,-6 -10,-10 -9,-14 -5,-13 -1,-8 -13,-10 -17,-6 -8,2
156 HUN 1487,676 0,19 6,14 4,5 8,4 15,1 9,4 1,9 -6,25 2,3 15,7 3,4 1,6 17,-15 8,0 14,2 4,-2 3,-17 10,-25 1,-7 -31,-48 -6,-5 -9,-3 -43,1 -18,-4 -2,1 -2,5
157 HUN 1590,487 -3,9 1,9 -2,4 -18,7 -18,14 -16,17 -4,8 -1,6 5,15 9,14 11,6 25,4 8,7 4,-2 3,-14 6,-9 12,-5 10,-1 9,-5 15,-13 13,-14 4,-10 1,-19 7,-11 -1,-3 -13,-7 -12,-14 -8,-3 -16,-1 -20,1 -7,4
158 HUN 1739,553 2,16 -4,11 -3,4 -9,2 -9,5 -8,8 -2,5 0,5 2,5 10,11 6,3 12,3 7,8 5,3 15,2 7,3 18,23 13,12 6,3 12,4 9,-2 8,-9 9,-19 -2,-9 -9,-14 -39,-48 -11,-17 -5,-6 -17,-10 -16,-5 -5,1
159 TUR 1940,817 -45,6 -28,7 -21,11 -13,11 -16,4 -2,4 2,5 10,11 20,12 6,5 9,15 12,11 11,16 27,6 25,8 3,0
160 WAL 1611,715 -8,6 -6,9 -7,20 -3,25 -3,5 -7,5 -2,5 1,7 3,7 6,7 20,20 5,7 2,7 9,6 8,1 28,-1 15,1 18,3 38,10 4,-16 0,-10 -21,-28 -3,-7 -2,-9 -6,-9 -2,-40 4,-31 -5,-1 -34,2 -16,-7 -6,-1 -14,1
161 WAL 1801,714 -38,6 -24,-6 -20,-1 -15,4 -3,4 -3,25 2,40 6,9 2,9 3,7 19,25 6,15 9,4 4,6 24,-3 45,-3 13,-3 44,-27 8,-8 -5,-9 -10,-8 -6,-2 -14,-2 -5,-12 -3,-4 -8,-2 -4,-7 -11,-4 -3,-3 0,-12 9,-40 -2,-2 -3,-1
162 HUN 1458,381 -11,17 -6,15 -2,14 2,14 17,32 8,0 11,5 3,0 10,-6 13,-4 7,-10 7,-6 10,-2 15,-1 10,2 13,18 19,16 6,-1 6,-5 7,-3 23,0 5,-3 -6,-11 -4,-26 -9,-11 -7,-17 -10,-8 -54,-26 -8,-2 -15,-1 -17,-10 -13,-4 -12,2
165 SWI 537,548 -11,1 -17,-1 -3,2 -1,7 -6,3 -2,4 4,3 9,1 8,6 5,9 1,12 2,2 13,-7 10,-2 4,0 3,2 6,2 12,-2 2,-2 -1,-3 -14,-19 -5,-19 -7,-3
166 SWI 583,584 -4,4 -2,8 0,5 7,8 16,8 14,1 3,8 3,2 8,1 4,-4 6,-14 3,-17 -4,-7 -10,-10 -7,-3 -15,-1 -8,3
167 ENG 107,322 -32,7 -21,8 -15,10 -5,10 0,4 6,4 15,-1 5,2 11,26 7,11 8,9 8,5 5,0 4,-10 10,-2 11,-12 9,-19 5,-18 0,-9 -2,-3 -14,-14 -5,-12 -4,-1
168 ENG -20,443 26,-1 8,-7 10,-2 28,7 14,2 10,-1 5,-7 4,-12 1,-10 -11,-13 -12,-23 -5,-5 -15,-1 -9,3 -5,3 -11,2 -38,-2
173 ENG -20,885 12,-12 6,-14 9,-12 1,-8 -2,-6 -2,-2 -7,-1 -17,1
174 ENG -20,831 10,-3 11,0 4,2 3,5 6,1 28,-9 20,-9 -36,-40 -4,-10 -1,-14 -7,-14 -13,-10 -15,-3 -6,1 0,7 8,12 3,9 -1,2 -3,-1 -7,-7
175 FRA 33,830 -18,10 -14,15 -4,7 -1,8 1,6 6,4 31,5 24,7 10,1 7,-1 2,-2 3,-9 4,-31 -1,-16 -5,-8 -11,-3 -15,2
176 FRA -20,885 0,36 13,9 15,-1 18,6 23,2 45,-2 10,-2 4,-4 1,-9 -1,-4 -7,-4 -16,-13 -15,-6 -76,-16 -8,3
177 ENG -20,546 13,3 9,6 17,1 19,-5 17,-8 13,-3 2,-10 -6,-28 -10,-2 -19,-2 -7,2 -9,7 -5,1 -5,-1 -5,-4 -2,-5 1,-12 -14,-3 -3,-6 -6,-1
178 PRO -20,607 13,7 36,7 6,3 6,11 5,2 16,-3 8,-4 5,-8 1,-14 -2,-7 -4,-7 -7,-5 -8,-4 -13,-3 -7,-4 -4,-8 0,-10 -2,-4 -24,0 -12,-7 -13,-3
179 BER 184,516 -3,3 -10,1 -6,4 1,8 9,19 2,11 -4,8 -8,6 -13,3 -35,1 -2,5 0,12 3,6 8,7 -1,14 2,6 4,4 13,8 21,5 11,5 5,-1 14,-14 12,-15 6,-12 22,-9 2,-5 -10,-3 -2,-3 6,-30 0,-21 -8,-4 -14,-14 -13,-8 -10,-1
180 FRA 96,607 -7,4 -12,3 -2,4 -1,10 -2,2 -10,4 -13,3 -8,-1 -3,-8 -3,-4 -13,-6 -15,-2 -7,1 -2,2 0,7 3,17 13,34 5,7 5,4 1,21 3,5 29,-1 11,-2 9,-17 13,-17 6,-6 12,-7 13,-13 13,-8 1,-3 -9,-14 0,-12 -3,-7 -7,-5 -8,-3 -7,3
181 NEV 309,325 -12,4 -4,3 -4,7 -2,11 4,7 6,6 10,5 12,-1 5,6 16,2 11,7 5,1 11,-4 4,-3 4,-12 5,-5 4,-7 2,-9 -3,-8 -9,-4 -15,-3 -2,-3 -2,-7 -4,0
182 ENG 201,340 -2,5 -6,3 -7,3 -43,0 -5,4 -1,7 6,11 8,9 9,3 34,21 15,8 3,-2 7,-9 8,-23 28,-28 -16,-12 -26,-12 -7,-1 -3,2
183 FRA 123,394 -9,10 -11,3 -4,9 -9,4 -5,5 -6,15 -1,7 4,11 -6,12 0,3 10,11 10,15 5,4 7,0 7,-1 8,-5 16,-15 14,-8 13,-1 14,5 7,-13 13,-1 8,-4 18,-17 5,-7 1,-7 -3,-6 -6,-5 -32,-14 -52,-32 -5,4
184 FRA 140,482 -22,21 -15,1 -14,9 -19,4 -1,21 -3,3 -8,1 -11,5 -11,8 -4,7 -1,7 2,7 5,5 26,8 8,7 6,10 8,5 8,-2 10,-9 8,-3 3,-13 3,-4 34,-1 13,-3 8,-6 4,-8 -2,-11 -9,-19 -1,-8 5,-4 9,-2 8,-5 4,-6 0,-6 -6,-10 -8,-11 -13,-9 -8,1
185 FRA 303,426 -18,9 -15,3 -23,11 -4,-3 -3,-6 -5,-1 -31,23 -7,3 -8,-1 -3,2 -3,6 0,7 2,9 7,18 5,6 13,10 14,15 3,1 7,-4 13,-4 4,-4 1,-5 -1,-12 2,-2 13,4 10,7 4,-2 11,-12 10,0 6,-2 23,-20 7,-1 9,0 29,6 6,-4 2,-13 -2,-10 -5,-9 -7,-8 -9,-5 -19,-4 -11,-8 -6,-3 -14,0
186 ENG 255,351 -7,9 -15,14 -7,9 -7,20 0,8 3,5 21,30 4,2 4,0 19,-10 18,-4 15,-8 7,-3 14,0 6,3 9,6 13,3 16,0 5,-3 1,-8 -4,-14 -10,-17 -14,-15 -9,-3 -13,-2 -5,-6 -10,1 -6,-1 -18,-17 -16,-7 -7,0 -5,2
187 BAR 374,373 -4,6 -9,4 -4,4 12,20 5,15 -2,12 -5,4 0,3 19,24 14,3 7,0 6,-2 5,-4 3,-5 0,-8 -1,-20 3,-5 8,-7 6,-15 0,-15 -4,-6 -4,-6 -5,0 -10,5 -6,1 -18,-15 -10,-5 -3,1 -2,3
188 LOR 481,374 -10,5 -14,10 -15,5 -5,7 -1,13 4,3 11,1 17,6 14,9 4,10 4,1 6,0 6,-2 6,-5 3,-6 3,-21 0,-22 -2,-8 -5,-7 -5,-3
189 LOR 433,419 -10,5 -3,5 1,23 -5,16 2,8 5,6 9,5 18,4 11,6 4,4 3,8 3,3 11,0 6,-2 5,-5 5,-10 3,-13 1,-13 -2,-12 -4,-9 -9,-5 -5,-10 -15,-9 -19,-7 -8,0
190 FRA 237,599 -24,11 -7,15 -23,28 0,10 8,20 2,2 3,0 26,-16 15,-4 6,1 14,6 28,7 5,2 2,4 3,1 3,-3 1,-7 -1,-23 -3,-11 -6,-12 -6,-8 -4,-3 -3,-12 -7,-5 -26,-7 -4,1
191 NEV 252,521 0,6 -2,1 -15,5 -3,5 -3,29 -5,25 40,9 10,4 4,5 9,-17 7,-4 1,-3 -2,-8 -12,-11 -3,-4 0,-3 6,-8 11,-7 8,-7 5,-12 -29,-8 -13,-8 -13,-3 -2,2
192 BUR 381,482 -6,5 -30,-6 -8,0 -7,2 -6,4 -17,15 -6,2 -8,0 -8,5 -2,3 -1,4 21,8 4,5 -4,11 -22,14 -3,7 2,6 8,5 13,3 39,3 2,2 3,4 10,3 9,10 7,0 5,-11 13,-7 9,-10 4,-9 6,-2 2,-3 1,-9 -1,-5 -8,-11 10,-8 4,-14 9,-12 2,-6 -1,-4 -8,-10 -13,-6 -7,-2 -10,2 -4,4
193 BUR 419,502 -7,20 -10,8 8,11 1,9 -3,8 -6,2 -2,3 -1,9 4,11 0,4 -11,25 -4,14 1,12 3,6 4,5 4,2 5,0 4,-3 9,-12 10,-4 5,-5 14,-17 22,-33 9,-7 23,-12 5,-7 -10,-15 -24,-26 -7,-10 -4,-3 -12,-6 -13,-3 -10,6
194 FRA 16,723 -6,6 0,3 10,19 3,21 6,12 11,10 7,0 25,-8 14,0 8,-1 17,-7 8,-7 -19,-19 -4,-12 -5,-8 -13,-10 -11,-5 -10,-3 -11,-1 -11,2
195 FRA 126,647 -18,17 -12,7 -6,5 -17,26 -5,12 3,5 9,4 10,8 6,9 3,11 17,15 21,11 8,1 7,-1 9,-4 4,-3 3,-11 3,-5 19,-14 2,-3 1,-10 -6,-50 -3,-10 -4,-9 -9,-8 -8,-3 -19,-4 -9,1
196 FRA 153,836 -18,15 -7,1 -28,-5 -10,1 -3,3 -6,14 -1,17 5,15 6,7 18,13 -1,22 18,0 3,2 5,7 5,4 16,4 8,-1 12,-5 15,-11 13,-3 3,-3 0,-8 -2,-4 -7,-4 -2,-5 1,-26 -5,-3 -2,-2 2,-8 14,-15 1,-9 -1,-4 -6,-5 -13,-3 -18,-3 -11,0
197 ARA 180,951 0,9 5,8 7,6 10,2 23,-6 16,2 5,-2 -1,-5 -4,-2 -2,-3 -4,-17 -7,-3 -21,-2 -16,2 -5,2
198 FRA 218,771 -18,11 -15,3 -7,5 -1,13 -12,24 1,4 3,3 21,4 9,3 5,6 8,15 2,2 6,1 13,-4 7,-6 13,-4 14,-9 1,-3 -9,-7 -3,-8 2,-11 7,-11 1,-6 -2,-5 -3,-5 -6,-4 -25,-11
199 FRA 214,673 -20,13 -8,8 1,6 5,12 1,16 -2,7 -4,7 -17,14 -2,8 2,17 5,3 16,-1 13,-3 15,-9 5,-1 13,3 22,9 15,1 12,-4 3,-3 -5,-6 2,-7 7,-5 8,-2 2,-3 -9,-40 -5,-15 0,-16 -5,-4 -28,-6 -14,-7 -10,1
200 FRA 322,747 -18,9 -14,3 -5,7 0,3 3,8 0,1 -19,6 -3,3 -1,13 -7,13 -2,11 3,8 9,8 -6,7 -9,4 -14,4 1,4 20,24 5,12 2,2 9,-2 27,-16 5,0 11,5 4,-2 10,-7 15,-17 5,-4 5,-1 0,-3 -7,-13 -3,-11 5,-12 9,-10 5,-9 0,-21 -3,-24 -33,-5
201 PRO 406,838 -17,18 -7,2 -3,-1 -3,-7 -5,0 -16,5 -15,11 -8,11 -1,6 10,3 4,7 5,-1 2,-3 1,-8 4,5 9,3 7,-2 2,-4 6,0 5,3 -7,6 1,4 14,-1 5,10 17,3 11,7 12,2 12,-1 36,-12 -1,-6 -8,-14 -11,-12 -13,-6 -14,-2 -12,-4 -7,-8 -9,-14 -3,-1
202 AVI 351,817 -2,9 0,9 3,7 7,5 16,3 3,2 1,5 3,1 8,-3 8,-8 4,-8 1,-8 0,-7 -3,-7 -5,-6 -7,-5 -14,-6 -8,0 -8,8
203 FRA 325,657 -5,2 -9,-6 -4,0 -3,1 -4,9 -3,18 -3,6 -8,8 7,13 4,22 6,19 4,5 2,0 9,-6 10,-2 47,2 3,-5 3,-14 14,-17 0,-7 -13,-7 -10,-12 -5,-15 1,-12 -2,-3 -12,-2 -7,-6 -9,-1 -9,4
204 FRA 394,696 1,11 -2,5 -12,17 -4,16 -7,3 -3,5 0,18 2,12 4,10 5,8 6,5 8,2 8,-1 30,-7 9,-6 29,-2 11,-4 1,-2 -3,-2 -11,-6 -8,-8 -4,-11 1,-8 -1,-2 -7,-4 -1,-10 -2,-5 -21,-9 -20,-28 -6,-1
205 SAV 411,646 -7,4 -17,-1 -7,2 -6,5 -7,9 -1,4 3,11 11,17 7,2 11,-7 4,0 3,1 7,10 6,13 5,7 6,3 14,1 11,5 13,0 13,-2 8,-4 5,-4 2,-6 1,-5 -3,-5 -14,-11 19,-18 5,-7 -1,-5 -7,-11 -3,-14 -5,-1 -20,3 -8,4 -9,8 -5,1 -13,-6 -5,-7 -1,-6 -4,-2 -6,4
211 ARA -20,997 21,22 8,5 20,5 25,-2 8,-7 17,-30 2,-11 -2,-10 -4,-8 -5,-3 -18,0 -13,-6 -25,-3 -5,-2 -3,-4 -14,1 -12,-4
212 ARA 212,974 -10,2 -15,-1 -13,8 -13,1 -4,4 -4,10 0,5 1,4 10,6 18,2 13,4 6,6 0,9 5,2 8,-1 10,-4 11,-6 9,-8 5,-7 1,-5 -8,-17 3,-2 8,-1 2,-2 0,-2 -7,-6 -19,-6 -7,0
213 ARA 149,1021 -3,3 -12,-1 -9,5 -12,3 -5,9 -10,10 6,3 -1,6 6,4 7,12 44,-11 11,-5 20,-15 7,-7 3,-8 -2,-7 -4,-3 -15,-4 -27,-1 -3,3
214 ARA -19,1093 3,5 4,0 14,-3 14,-6 11,-13 8,-19 15,-13 3,-6 -2,-5 -2,-2 -24,-2 -18,-6 -15,-12 -12,-14
235 ENG 30,204 -5,5 -8,4 -9,2 -10,0 -18,-3 0,36 55,-1 25,-4 18,-8 11,-3 14,-10 12,-3 8,-8 3,-10 -4,-5 -9,-2 -48,-4 -22,-4 -5,3
236 ENG 10,132 -5,8 -3,13 -9,16 -3,12 -2,3 -8,3 0,25 25,2 15,-2 10,-7 10,-18 5,-1 9,1 4,-2 1,-3 -2,-5 -4,-5 -18,-14 -1,-5 6,-14 -4,-6 -8,-6 -6,-4 -7,4
237 ENG -1,90 -19,17 0,79 7,-2 4,-7 2,-8 9,-16 4,-14 12,-15 4,-12 -3,-12 -4,-5 -9,-6
238 ENG 25,98 -2,6 1,14 3,6 9,10 2,5 -4,16 2,5 8,5 22,10 10,3 8,0 4,-2 4,-7 -1,-5 -6,-2 0,-3 6,-2 16,-2 4,-2 2,-13 3,-5 -8,-5 -23,-8 -20,-10 -11,-12 -2,-9 -4,-3 -9,-1 -6,2
243 ENG 6,-14 -26,5 0,57 6,9 8,6 3,12 8,11 12,11 6,1 5,-5 4,-6 5,-15 0,-14 -4,-5 1,-3 21,-19 -14,-23 -8,-8 -19,-12
245 ENG -20,-9 16,-3 13,-8 20,7 2,-1 0,-3 -1,-3 -50,0
254 POL 1172,53 -18,12 -27,4 -16,6 -5,4 -2,4 3,15 6,15 4,4 6,3 5,5 4,9 2,11 5,8 6,4 11,-1 7,9 11,7 14,1 7,-1 11,-5 1,-7 -3,-18 -9,-13 -2,-8 4,-7 7,-5 4,-5 -1,-20 9,-21 -6,-8 -6,-4 -8,-2 -16,1
255 POL 1209,78 -2,10 1,16 -4,5 -7,5 -4,7 0,4 8,11 3,8 5,28 3,4 7,1 8,5 4,7 3,10 11,8 16,2 14,-5 7,-7 1,-5 -9,-31 8,-24 -5,-11 1,-16 -7,-6 -41,-21 -6,-6 -3,-10 -5,0
256 MAZ 1400,45 -7,2 -29,-2 -15,1 -35,13 -6,6 0,5 3,5 11,9 7,3 14,2 7,6 19,3 3,2 3,4 9,3 4,5 16,2 15,-1 28,-39 1,-7 -1,-7 -3,-6 -5,-4 -15,-3 -10,-7 -7,0
257 MAZ 1515,107 -10,2 -22,2 -13,6 -20,3 -6,3 -5,5 -2,7 -1,9 1,12 5,18 9,13 11,8 14,3 14,-3 27,-17 7,1 11,5 4,-2 13,-29 2,-7 -1,-10 -3,-3 -6,-2 -5,-4 -9,-17 -6,-8 -3,-1 -3,1
258 POL 1274,154 -1,7 8,25 1,7 -1,6 -4,4 -6,4 -18,6 0,3 3,3 25,14 28,24 6,4 7,2 8,0 20,-8 16,-11 11,-15 3,-7 2,-8 -3,-4 -26,-16 -21,-6 -4,-2 -7,-9 -3,-14 -9,-8 -23,-9 -7,2
259 POL 1496,192 -8,4 -18,1 -8,-2 -16,-8 -6,-1 -14,6 -22,6 -15,9 -5,4 -7,18 -10,19 0,5 9,8 17,5 13,8 6,1 11,0 5,2 11,10 3,6 1,9 3,3 14,0 14,-5 19,-15 9,-4 5,-11 10,-2 4,-5 3,-47 1,-8 5,-3 2,-4 1,-11 -2,-5 -7,-7 -6,-1
260 POL 1555,141 -5,16 -15,34 -4,14 -6,5 -3,18 2,19 6,4 39,12 20,8 8,6 5,0 9,-6 3,-6 3,-7 4,-39 0,-24 -3,-8 -10,-19 -1,-9 2,-15 -3,-2 -21,1 -26,-11 -3,1 -2,2
261 POL 1673,388 -2,7 0,5 2,5 24,20 8,17 12,3 7,3 20,25 12,5 12,11 8,4 16,1 15,-5 6,-6 10,-20 3,0 14,4 6,0 5,-5 7,-13 1,-6 -2,-5 -6,-5 -9,-3 -4,-11 -10,-8 -15,-5 -15,-2 -4,-5 -8,-2 -48,-8 -4,-3 -1,-4 -7,-7 -13,-5 -15,-3 -9,1 -7,7
262 POL 1341,260 -6,11 -1,15 11,36 3,6 16,-6 62,-7 9,-2 5,-4 3,-5 0,-6 -4,-12 -11,-9 -5,-3 -12,1 -5,-1 -47,-23 -7,3
263 SIL 1238,247 -13,10 -13,6 -3,8 0,12 3,11 7,10 15,10 7,8 5,1 15,-1 9,1 21,17 14,7 6,0 6,-2 13,-9 14,-3 1,-5 -1,-10 -10,-32 -3,-20 -17,-6 -26,-22 -22,-13 -5,-1 -4,3
264 SIL 1164,187 -1,10 6,16 0,12 17,28 5,3 16,3 14,-1 5,-2 17,-14 11,-17 1,-3 -2,-7 -6,-7 -13,-8 -3,-12 -3,-5 -5,-3 -16,-5 -28,-2 -8,3
265 BOH 1113,337 -4,10 -2,15 -6,10 1,4 7,6 9,3 10,0 6,7 5,3 34,-2 6,3 9,8 6,-6 8,-4 1,-5 -2,-15 -3,-7 -8,-13 -3,-9 -19,-3 6,-12 -38,-3 -13,1 -7,3
266 BOH 1050,278 -9,2 -16,-1 -12,2 -23,9 -9,5 -3,5 1,6 10,4 4,4 -2,23 1,8 4,4 6,1 9,-2 34,-11 17,-1 20,-9 3,-7 -1,-11 -5,-14 -5,-9 -13,-12 -3,0
267 BOH 939,308 -38,21 -2,4 0,4 4,7 13,8 22,26 16,12 12,6 14,-19 7,-13 4,-14 2,-15 0,-12 -2,-9 -12,-8 -4,-9 -4,-2 -13,2 -8,3
268 MOL 1813,483 -6,7 -3,2 -19,2 -5,2 -2,4 1,5 5,7 12,12 6,9 2,9 0,17 2,5 29,32 4,10 2,13 4,11 26,42 5,1 5,-7 8,-1 2,1 3,6 12,5 22,17 12,3 0,-140 -16,-18 -33,-42 -18,-16 -7,-4 -17,-4 -15,-8 -9,-1 -5,4
269 LIT 1586,-9 -5,4 -8,2 -5,6 -14,6 11,18 -11,22 3,4 7,7 2,4 -6,10 -12,13 -6,4 -11,4 -2,3 1,11 6,13 8,9 18,3 18,6 12,2 36,1 0,-19 2,-6 3,-3 6,-1 2,-3 0,-3 -5,-9 -11,-9 -3,-7 0,-7 3,-6 6,-6 15,-8 4,-3 1,-3 -2,-6 -27,-45 -20,-12 -11,-5
270 LIT 1588,-20 32,15 3,-4 5,-11
272 LIT 1730,-20 -14,18 -1,7 2,6 6,4 9,1 46,-12 5,-5 8,-16 4,-3 | 1815,-20 4,5 5,2 5,-2 2,-5
276 LIT 1844,-20 2,11 33,25 34,12 27,5 0,-53
277 LIT 1631,64 -6,6 -3,7 0,7 3,6 14,14 2,7 -2,3 -7,1 -3,3 -3,25 -3,2 -10,-1 -4,4 -3,7 1,8 2,10 9,13 4,9 -2,47 1,4 7,5 12,3 18,-1 25,-4 6,-2 2,-4 0,-20 10,-5 3,-13 6,-10 -3,-12 1,-7 10,-15 6,-5 12,-4 5,-7 1,-9 -1,-10 -3,-11 -15,-24 -4,-31 -2,-1 -6,3 -17,10 -6,0 -16,-6 -7,-4 -8,-8 -11,2
278 LIT 1789,-15 -6,15 -10,6 -27,6 -12,7 -4,4 -3,11 -6,8 -1,9 1,27 3,15 6,10 7,9 4,8 1,11 -2,20 1,7 14,7 15,10 14,3 17,-3 25,-11 23,-2 5,-2 2,-4 3,-9 9,-13 3,-17 6,-8 2,-12 -4,-14 -6,-12 -2,-7 -1,-17 1,-6 7,-8 1,-6 -4,-14 -5,-7 -18,-16 -6,-10 -11,0 -2,5 -5,2 -5,-2 -4,-5 -21,0
279 LIT 1710,173 -4,10 4,9 0,3 -6,10 -3,13 -9,3 -2,4 0,5 9,13 20,21 13,25 8,5 6,-1 14,-8 11,-11 4,-9 6,-3 1,-5 -2,-19 2,-7 6,-6 14,-5 63,-9 9,-3 5,-4 1,-5 -1,-7 -11,-18 -13,-11 -7,-2 -8,0 -15,4 -5,0 -25,12 -16,1 -7,-1 -24,-16 -20,-7 -9,7
281 POL 1924,344 -7,3 -23,4 -61,21 1,13 -5,5 0,4 13,36 8,3 12,9 13,4 17,-1 17,-3 6,1 25,18 0,-106 -3,-3 -2,-9 -3,-4 -5,1
767 TEU 1468,-20 -9,10 -1,6 3,8 5,7 6,6 9,4 10,2 28,-1 26,-6 15,-10 9,-3 4,-6 12,-5 1,-6 0,-6
1247 GEN 669,941 -3,7 -11,0 -17,6 -16,11 -4,7 1,5 4,5 -6,8 11,10 -12,11 15,3 -4,12 0,3 7,1 2,2 0,7 4,4 15,9 5,-2 8,-12 4,-12 3,-17 8,-13 2,-9 -7,-43 0,-14 -3,-5 -2,-1 -4,6
1257 S 995,-20 19,6 8,1 5,-2 2,-5
1268 S 447,-20 16,27 8,0 17,-6 9,5 17,14 7,2 5,-4 0,-3 -11,-3 -4,-5 0,-9 3,-5 6,-4 7,-4 29,-5 | 576,-20 7,5 3,7 -5,8 8,6 4,0 4,-3 -2,-12 1,-4 18,7 5,-4 -1,-3 -4,-1 -2,-6 | 655,-19 11,10 11,8 5,1 4,-1 3,-4 0,-5 -8,-10
1269 S 213,-20 9,39 15,97 -40,45 -30,37 -8,13 -5,10 1,6 5,2 32,-8 51,-20 16,-4 19,-2 29,1 11,-1 -10,-4 -19,-1 -13,-2 -5,-3 -5,-6 6,-2 14,-3 9,1 10,5 10,0 -1,-2 -11,-6 -11,-4 -9,-1 0,-2 4,-4 4,-1 19,8 6,0 -2,-4 -11,-6 -2,-3 7,-12 19,-21 9,-14 17,-53 7,-4 15,0 3,3 2,6 8,9 1,4 -2,5 -12,-1 1,16 -3,8 2,3 19,8 10,0 4,-1 17,-13 5,-7 3,-8 1,-8 -2,-7 -4,-4 -10,-5 -17,-3 -2,-7 1,-21 2,-4 15,-8 20,-6 17,-2 4,-1 1,-5 -12,-22 | 404,8 -4,-1 -2,-1 10,0 | 362,41 -4,3 -4,-1 2,-8 3,-4 5,-3 1,5
1270 S 30,-20 1,6 -2,1 -17,-7 -6,0 8,7 18,12 9,9 14,23 -26,20 15,10 6,2 13,-12 8,-4 10,-1 21,4 13,4 21,11 7,6 4,6 0,13 -4,19 -4,10 -8,14 -5,4 -5,1 -7,0 -4,16 -25,5 0,3 5,2 2,2 0,7 -2,3 -25,3 -5,4 0,4 6,3 5,1 44,4 8,3 7,5 10,4 9,-1 5,-3 28,-25 55,-62 -15,-97 -9,-39
1271 S 125,210 -10,9 -14,4 -12,9 -12,4 -26,10 -13,2 -34,-1 -24,2 0,127 28,2 17,0 14,-7 21,-3 2,-2 -3,-3 -13,2 -10,-2 -2,-2 0,-4 5,-10 7,-5 18,-10 39,-10 11,-6 10,-8 7,-10 2,-6 6,-44 5,-11 9,-12 3,-9 -4,-6 -13,-3
1276 S -20,750 10,8 1,-2 -2,-7 -9,-16
1295 S 111,1078 -24,12 -7,10 94,0 -6,-22 -4,-9 -3,-4 -27,5
1296 S 289,887 -32,15 -8,6 -6,6 -5,17 -1,21 2,7 6,7 3,9 5,2 2,3 -2,4 -8,2 -3,2 7,14 1,6 -8,10 -8,7 -41,20 -10,7 -9,9 -5,9 0,5 5,25 187,0 4,-11 1,-9 0,-78 5,-68 6,-19 3,-22 6,-7 -5,-3 -5,-1 -3,5 -7,2 -9,-3 -4,-5 -3,11 -4,1 -4,-5 -4,-2 -21,-4 -11,-4 -6,2
1297 S 488,892 -2,4 1,6 -2,3 -40,12 -13,-1 -16,-8 -15,-2 -4,-3 -2,-7 -2,-2 -13,4 -2,15 -5,12 -3,16 -2,33 -3,80 0,31 2,14 50,-5 94,-15 39,-7 22,-5 2,-2 -1,-5 -16,-20 -6,-15 -20,-79 -8,-22 -14,-24 -6,-8 -4,-3
1298 S 597,829 -9,13 -8,7 -36,10 -17,7 -26,21 17,28 9,20 26,96 11,18 25,28 4,9 3,11 8,3 8,-1 13,-6 14,-9 20,-18 6,0 18,10 7,2 1,-1 6,-11 11,-27 10,-19 35,-51 16,-19 2,-7 -4,-3 -3,-10 -8,-3 -3,-3 -3,-16 -13,-31 -8,-25 -7,-12 -59,-27 -19,-6 -15,-1 -11,4 -10,8 | 677,926 2,21 6,35 -1,10 -9,17 -3,17 -4,12 -8,12 -5,2 -15,-9 -4,-4 0,-7 -2,-2 -7,-1 0,-3 4,-12 -15,-3 12,-11 -11,-10 6,-8 -4,-5 -1,-5 4,-7 16,-11 17,-6 9,0 3,-2 2,-15 4,-7 2,0 | 742,943 -3,2 -9,1 -7,-2 -1,-3 3,-3 10,1 7,-6 2,6
1300 S 556,1071 -128,22 -65,7 226,0 5,-18 -4,-7 -6,-6 -8,-4
1303 S 760,960 -36,50 -16,28 -12,32 -8,13 3,17 303,0 -12,-18 -11,-13 -7,-3 -8,-1 -23,0 -14,-3 -31,-20 -36,-33 -15,-8 -6,-12 -6,-5 -14,-9 -7,-1 -9,1 -4,-2 -1,-4 5,-3 1,-3 -6,-8 -9,-8 -4,0 -4,1
1308 S 844,737 20,4 7,3 11,11 3,6 -2,7 -11,6 -2,7 1,18 6,18 7,7 33,26 34,22 10,4 16,37 5,7 15,-9 58,-38 17,-8 32,-7 -30,-28 -7,-9 -6,-13 -21,-22 -1,-3 1,-1 5,1 13,7 6,5 7,10 2,5 -1,6 2,3 12,4 9,-3 0,-4 -12,-6 -15,-19 -18,-15 -1,-19 -3,-8 -6,-7 -8,-6 -9,-3 -8,0 -6,2 -5,5 -3,9 -12,17 0,8 -2,0 -9,-9 -13,-18 -4,-8 -9,-29 -4,-9 -9,-11 -5,-2 -4,1 -6,6 -5,2 -25,-10 -19,-4 -16,1 -8,3 -12,10 -6,11 -1,12 3,10 | 888,714 -11,8 -8,4 -15,3 -6,-1 -4,-2 -3,-10 3,-7 23,-13 10,-9 3,2 11,17 0,3 | 1036,760 -8,-5 -5,-7 -1,-5 3,-6 6,4 12,18 -2,2 | 1020,764 4,23 -5,0 -8,7 -2,-3 0,-17 1,-8 3,-4 3,-1 | 1072,846 1,5 -3,2 -7,-2 -6,-6 -1,-6 2,-2 5,0
1309 S 1039,882 -52,37 -2,3 -2,7 4,12 5,9 14,17 28,22 7,9 7,5 24,6 46,3 12,2 6,2 2,4 -2,5 -13,12 -2,4 1,4 16,10 40,18 98,-116 -27,-14 -36,-13 -6,-6 -4,2 1,7 -2,3 -19,1 -11,-3 -2,-3 1,-3 6,-4 18,-1 35,1 -24,-16 -19,-17 -17,-4 -15,-6 -7,-1 -17,6 -7,0 -23,-6 -44,-7 | 1183,896 -2,4 -13,2 -13,-2 -4,-2 -1,-2 2,-4 5,-2 22,4 | 1200,914 -14,4 -9,0 -16,-2 -6,-2 -2,-3 5,-3 14,-1 18,3 9,3 | 1136,928 -8,-2 -2,-4 2,-4 4,-2 6,-1 9,3 1,2 -3,4 | 1234,942 2,4 -1,3 -8,1 -9,-5 -3,-6 3,-1
1310 S 1179,1071 30,14 21,15 130,0 6,-8 -3,-7 -1,-8 1,-21 2,-9 6,-10 1,-9 -6,-7 -10,-3 -8,-5 -22,-24 -20,-13 0,-3 4,-4 -8,1 -10,-2 -16,-9
1318 HUN 1422,370 -6,3 -8,0 -6,3 -1,6 7,8 -2,4 -2,1 -9,0 -31,-7 -5,4 -9,12 -6,18 1,15 8,10 6,15 4,6 15,4 16,0 31,-11 15,-3 7,-4 -1,-5 -6,-8 -1,-9 1,-12 9,-26 16,-26 -33,-5 -6,1
1319 S 1798,1100 -38,-7 -4,-2 -1,-3 -4,-1 -22,12 -9,0 -3,-2 -5,-6 -16,9
1320 S 1940,1090 -15,-1 -10,6 -4,5 29,0
1321 S 1940,950 -8,1 -8,5 -8,10 -2,5 11,1 5,2 3,9 7,9
1325 S 1268,582 -55,21 -3,5 2,2 6,1 19,-4 11,-4 18,-10 6,-4 4,-6 -1,-1
1742 BRB 433,199 1,24 -6,4 -2,12 -7,5 -2,9 -7,5 -1,4 5,7 4,3 11,2 4,5 9,3 6,-2 5,-3 2,-4 1,-5 -1,-6 -8,-9 -1,-8 0,-8 3,-8 4,-7 10,-6 3,-7 -2,-9 -5,-4 -16,-2 -8,2
1743 BUR 250,301 -12,20 -4,10 1,5 8,5 19,4 17,0 7,-3 4,-7 4,-13 0,-5 -7,-10 -13,-11 -9,-5 -7,3
1744 BRB 322,195 -6,5 -2,4 4,17 3,3 11,2 13,10 7,2 8,-1 7,-2 5,-5 3,-12 6,-4 1,-4 0,-11 -2,-5 -3,-4 -6,-3 -7,-1 -19,1
1757 PAL 840,331 -7,18 0,8 2,6 4,2 3,0 5,-7 6,-4 6,0 6,2 10,8 4,5 2,10 4,3 8,-2 9,-10 2,-7 -1,-9 -3,-9 -13,-19 -7,-7 -8,-4 -7,-2 -6,1 -7,3 -7,6
1758 BRU 672,83 -18,21 -6,4 -9,3 -2,3 5,10 6,5 17,8 13,3 5,-1 14,-11 12,-7 37,-12 -3,-6 -12,-9 -17,-7 -24,-5 -10,-11 -5,1
1759 BRA 871,89 4,9 6,11 3,10 -1,8 -5,1 -2,3 1,4 3,1 10,0 15,-6 6,-1 26,12 7,1 12,-4 9,-11 6,-21 -1,-2 -2,-2 -12,-3 -11,-6 -18,-5 -50,-8 -5,2
1760 TRI 490,258 -4,8 -1,10 1,9 4,7 12,5 13,10 11,14 4,8 5,1 14,-2 13,-7 6,-6 1,-3 0,-6 -6,-11 -14,-16 -14,-13 -24,-14 -15,2
1761 PAL 555,327 -7,2 -13,2 -10,4 -5,9 -3,15 -11,10 6,10 4,20 2,4 4,2 5,-1 6,-3 10,-9 7,-3 30,6 7,0 10,-10 5,-3 2,-9 1,-18 -3,-11 -2,-4 -18,-13 -13,-5 -10,1
1762 HES 671,177 -23,46 -1,4 2,4 12,6 19,19 4,-1 4,-4 7,-2 27,1 7,-2 5,-7 4,-8 0,-8 -1,-5 -4,-5 -6,-3 -19,-2 -3,-2 -4,-4 -11,-3 -3,-3 -4,-16 -6,-7 -4,0
1763 BOH 978,102 -5,4 -4,7 -8,29 3,4 14,13 7,17 6,1 9,-1 5,-3 6,-5 3,1 9,9 7,2 17,1 8,-2 6,-3 4,-5 1,-5 -2,-7 -9,-15 -11,-12 -12,-7 -11,-1 -6,-2 -5,-5 -10,-15 -3,-3 -9,0
1764 TUR 1900,938 -43,5 -5,4 8,12 9,34 11,23 60,-2 0,-22 -7,-9 -2,-7 -3,-3 -13,-1 -1,-1 5,-10 13,-14 -20,-7
1765 TUR 1563,880 3,9 9,12 3,7 1,14 -2,6 -6,7 -2,5 1,15 -1,7 -6,5 -17,10 -2,2 2,4 16,14 23,10 13,11 29,43 6,1 10,-3 11,-9 4,-8 13,-45 6,-6 11,-4 4,-4 1,-5 -1,-6 -4,-6 -11,-11 -10,-7 -9,-4 -13,-13 -11,-16 -3,-11 -6,-3 -5,-12 -7,-6 -4,-2 -9,1 -17,-8 -11,-2 -7,3
1766 SER 1447,937 -5,12 -4,4 -24,19 1,10 5,11 31,15 15,1 16,-3 14,-7 9,-9 4,-11 -2,-10 -5,-3 -7,-11 -7,-7 -26,-18 -6,-1
1767 HUN 1222,657 -12,15 -9,2 -10,7 -6,10 -1,8 4,4 9,1 6,3 10,13 5,4 8,2 30,1 43,-2 12,-4 21,-18 12,-5 -7,-8 -8,-5 -23,-3 -3,-4 -1,-4 -6,-4 -44,-7 -6,-4 -2,-6 -5,-2 -11,2
1768 HAB 888,578 -6,2 -14,1 -8,3 -7,6 -4,7 -2,7 2,6 3,3 8,4 27,1 28,-2 7,-3 4,-6 0,-8 -4,-17 -4,-7 -8,-3 -10,0 -9,2
1769 HAB 940,669 -1,17 3,6 5,4 8,-1 14,-7 13,-7 5,-6 -7,-27 -2,-4 -10,-7 -11,-3 -7,1 -2,3
1770 HAB 1072,383 -18,9 -5,4 -6,11 -4,12 1,8 12,15 4,9 2,4 6,3 16,3 7,0 7,-6 12,-3 5,-7 6,-4 20,-8 11,0 33,6 7,-2 6,-6 2,-7 0,-13 -2,-4 -9,-4 -8,-9 -7,-1 -31,2 -5,-3 -5,-7 -16,-2 -16,-8
1771 BOH 1007,231 -3,5 -11,3 -23,9 -26,15 0,16 2,10 3,7 6,1 10,-2 55,-15 24,-1 7,-2 5,-4 4,-10 -3,-19 -3,-7 -4,-2 -7,1 -5,0 -11,-12 -11,-4 -4,1 -3,3
1772 HUN 1209,387 -7,8 -5,1 -2,3 1,23 -6,20 0,8 3,8 18,20 33,27 14,6 16,0 7,-2 4,-4 1,-6 0,-7 -3,-6 -13,-11 -1,-6 6,-15 3,-20 7,-15 -2,-8 -2,-3 -4,0 -8,4 -5,0 -10,-3 -3,-2 -4,-12 -9,-6 -7,-3 -12,-2 -6,0
1774 VEN 831,639 -20,22 -4,10 0,8 3,8 8,9 12,10 4,-2 7,-9 12,-8 14,-4 12,-1 6,-2 1,-7 -3,-17 -6,-9 -9,-20 -4,-4 -6,-2 -7,3
1826 HUN 1074,698 -14,10 -10,3 -6,-1 -12,-9 -6,1 -13,9 -6,7 -3,6 0,8 4,2 16,-1 9,3 7,6 6,8 3,8 1,18 18,15 17,21 9,3 4,4 6,2 36,7 -2,-24 -4,-9 -14,-15 -8,-10 -4,-14 -5,-30 -6,-15 -4,-5 -10,-7
1827 SER 1373,860 -5,14 5,12 11,16 12,13 6,18 7,9 9,7 10,4 8,0 6,-5 8,-13 22,-14 8,-10 1,-7 -1,-17 -2,-10 -5,-5 -18,-2 -11,-6 -23,0 -20,-12 -15,-5 -5,1 -3,2
1828 BOS 1175,735 -8,7 -13,4 -5,5 -34,-6 -5,5 -2,5 4,15 23,28 4,8 1,7 6,9 26,27 12,9 4,1 12,-5 21,-16 18,-5 7,-7 3,-13 -1,-2 -6,-4 -7,-13 -6,-17 -1,-7 1,-6 6,-6 19,-14 5,-6 -2,-5 -7,-4 -15,-3 -41,-4 -10,2
1831 BOS 1307,894 -19,17 -13,8 -3,4 10,10 32,22 26,-12 22,-12 15,-12 7,-12 -1,-7 -9,-10 -19,-3 -23,0 -16,2
1841 TEU 1326,-20 15,15 15,7 2,0 8,-12 5,-10
1853 TUR 1511,1073 -25,17 -18,7 -2,3 69,0 -6,-19 -6,-11
1857 LAU 715,-20 -2,3 6,9 3,25 4,4 15,3 12,8 8,2 15,1 10,-3 2,-5 -3,-6 -13,-9 -6,-8 0,-4 2,-3 9,-3 2,-2 -4,-8 -4,-3
1858 POM 1028,-20 -5,28 -5,12 -1,3 3,2 24,-6 12,-4 8,-5 5,-6 4,-10 2,-14
1859 TEU 1312,1 -5,7 -14,8 -9,8 -6,8 -2,8 1,6 10,5 3,11 3,4 3,2 10,-2 15,-11 18,-4 10,-6 9,-1 30,2 10,-1 6,-3 1,-5 -3,-7 -13,-15 -14,-9 -21,-4 -19,-11 -12,-4 -4,2 -4,3
1860 ENG 64,51 -15,11 -7,1 -2,3 -4,9 0,5 2,5 13,5 3,10 4,6 16,11 38,15 6,4 2,3 8,-3 5,-5 5,-9 8,-24 1,-12 0,-9 -4,-6 -7,-6 -21,-11 -26,-7 -18,0
1861 ENG -20,107 14,-12 6,-9 -6,-23 -8,-6 -6,-9
1862 MLO 672,709 -27,5 -2,3 0,4 9,23 6,7 10,1 51,-5 5,-1 1,-3 -8,-9 -23,-16 -8,-8
1863 HAB 1061,544 -6,9 -3,9 -1,10 5,27 5,10 6,6 8,4 8,1 7,-2 7,-12 10,-8 6,-1 12,0 6,-4 8,-12 3,-8 -1,-5 -3,-6 0,-9 3,-6 6,-3 1,-5 -1,-3 -14,-7 -22,-8 -16,-3 -13,6
1864 HUN 1252,601 -19,6 -27,7 -8,5 1,5 4,7 15,14 8,4 16,4 6,8 10,3 37,6 7,3 2,6 10,5 12,1 4,-2 1,-6 -5,-15 -1,-9 1,-19 -3,-8 9,-26 -3,-7 -6,-3 -8,9 -5,3 -35,-12
1865 FLA 258,218 -5,24 0,17 5,4 13,3 21,2 12,-28 7,-8 5,-2 2,-4 0,-6 -4,-15 -4,-4 -13,-4 -32,-2
1866 BUR 358,263 -7,6 -19,12 -4,7 -8,8 -1,6 1,8 2,8 2,2 29,-1 3,2 2,8 3,0 10,-13 9,-23 5,-21 0,-9 -11,-1 -4,-5 -5,-2 -4,3
1867 SAV 473,572 -9,11 -35,52 -2,5 1,4 2,4 11,6 8,1 2,-1 3,-13 3,-4 11,-7 8,-2 33,-2 8,-4 -1,-16 5,-8 2,-11 -2,-10 -3,-4 -6,-4 -15,-4 -15,2
1868 AUG 758,462 -6,8 -1,6 -2,18 0,21 2,6 4,4 5,2 13,0 4,-2 3,-4 5,-18 4,-31 -1,-12 -3,-7 -5,-3 -8,1
1869 SWI 552,538 0,5 5,6 3,13 3,6 13,16 5,1 17,-10 18,-4 3,-4 2,-5 -1,-6 -3,-7 -4,-7 -8,-5 -12,-4 -26,-2 -10,1
1870 SWI 609,528 1,8 8,16 3,12 3,7 9,11 9,8 7,2 10,-5 13,-8 7,-8 6,-18 -1,-5 -4,-4 -17,-8 -29,-9 -18,-7 -4,1
1871 SAV 560,614 -38,7 -15,7 -4,4 -3,8 -6,5 0,5 2,9 4,4 17,-1 8,2 2,2 -1,2 -6,6 0,4 6,4 6,0 6,0 9,-4 2,-2 -1,-3 -4,-5 4,-8 12,-10 27,-14 10,-11 2,-4 -1,-4 -4,-3 -13,-2
1872 ULM 699,409 -5,3 -2,3 -4,18 1,9 4,14 4,4 4,2 9,-5 26,-21 13,-6 2,-2 1,-8 -2,-5 -7,-7 -11,-2 -8,0
1873 SWI 678,571 -10,10 -16,10 -10,9 -3,8 1,3 52,7 9,-4 26,-20 9,-4 8,-1 4,-5 -1,-8 -3,-3 -15,-2 -10,-6 -18,1 -9,-7 -7,2
1874 BRE 604,23 1,12 2,4 19,18 8,5 16,5 7,-1 4,-3 0,-3 -6,-15 -25,-36 -8,-15 -9,-1 -4,4
1875 SAV 529,764 -8,7 -4,14 -13,16 -2,6 1,4 12,8 20,7 18,3 9,-1 12,-12 7,-10 1,-4 -11,-2 -6,-4 -5,-5 -4,-13 2,-14 -1,-4 -2,-2 -11,1
1876 FRN 607,294 -3,3 0,9 5,8 6,3 8,1 19,-2 8,-4 3,-4 1,-8 -3,-7 -11,-6 -15,0 -8,1
1877 BUR 388,580 -4,4 -8,3 -4,9 -4,2 -5,-2 -8,-9 -10,-3 -5,-6 -21,-2 -19,2 -5,3 -1,7 -6,3 -3,5 -5,12 0,8 13,20 9,17 7,0 13,6 7,-8 9,-4 9,1 5,6 4,1 17,-2 11,-5 5,-4 1,-5 -2,-14 2,-6 13,-32 -2,-7 -7,-7 -3,0
1878 AAC 452,222 -3,6 -3,17 1,8 8,9 1,3 -9,34 1,3 3,5 8,2 15,-12 10,-4 2,-14 -5,-19 -8,-21 -3,-17 -2,-3 -6,-1 -5,1
1879 ENG 9,440 -9,3 -20,-2 0,36 6,0 2,5 3,1 12,3 -1,12 2,5 4,4 6,1 5,0 11,-8 12,-1 22,2 4,11 4,2 13,1 6,-2 4,-3 1,-4 -4,-12 -8,-13 -8,-8 0,-3 5,-11 0,-6 -4,-5 -6,-4 -9,-3 -25,-3 -10,-6 -7,1
1880 HAB 523,491 -8,5 -12,3 -8,4 -15,16 14,13 13,11 14,5 13,0 10,-4 8,-9 2,-13 -1,-16 -4,-13 -5,-9 -6,-4 -7,1
1889 S 476,626 -21,12 -1,3 2,2 26,-3 16,1 3,-1 1,-3 -5,-7 -15,-5
1890 S 659,527 10,10 14,6 5,0 6,-4 1,-2 -6,-5 -25,-12 -4,1
1931 EFR 517,-11 -6,11 1,9 3,3 12,3 -16,14 -3,7 -1,5 2,5 4,5 8,3 8,2 13,-2 14,-6 3,-8 -2,-18 -4,-29 -4,-7 -6,-3 -13,0
1933 NAP 1119,1058 -9,22 30,20 47,0 19,-7 6,-5 -8,-5 -15,-7 -63,-24
1934 NAP 1096,1084 -3,16 48,0 -27,-17 -12,-5 -3,2
1937 LIT 1628,-20 -3,15 2,11 15,26 22,24 21,16 8,2 5,-2 18,-14 3,-5 0,-11 7,-7 3,-9 -3,-8 -8,-6 -4,-7 4,-10 12,-15
1938 MAZ 1546,16 -55,12 -45,18 -2,3 2,19 -1,10 -19,25 -5,10 3,1 12,-2 9,5 6,1 15,0 7,-1 10,-6 17,-1 15,-4 34,-20 12,-12 5,-10 -2,-4 -7,-7 -3,-4 10,-19 0,-8 -10,-9 -4,1
1939 POL 1293,91 -14,22 -2,5 -1,10 2,3 4,2 1,6 3,5 26,13 6,5 3,15 7,9 4,2 15,4 23,11 11,3 10,-2 23,-9 17,-5 10,-6 2,-4 -2,-7 -3,-19 0,-23 2,-13 -3,-4 -48,-1 -2,-1 -3,-5 -9,-3 -4,-5 -21,-4 -7,-6 -18,-4 -7,-3 -15,-12
1940 MAZ 1682,249 -36,4 -11,0 -14,-3 -7,18 -8,12 -2,15 2,3 13,5 55,17 5,4 4,9 6,5 8,3 9,2 8,-2 14,-9 27,-11 8,-5 0,-3 -6,-10 -10,-7 -9,-3 -6,-4 -10,-20 -13,-16 -7,-5 -7,-2
1941 LIT 1875,22 -3,13 -5,6 -1,14 3,16 9,19 0,14 -1,5 -6,8 -3,17 -8,11 -3,8 6,13 11,18 8,8 3,1 9,-11 17,0 29,-9 0,-140 -27,-5 -28,-10 -8,1
1942 LIT 1940,265 -3,17 -1,47 1,21 3,5
1951 HUN 1554,615 -5,8 -10,6 -1,6 2,7 5,6 6,6 13,6 8,6 21,34 11,9 11,4 10,-3 11,-8 17,-28 8,-3 19,-2 3,-2 0,-4 -3,-6 -13,-17 -7,-4 -14,0 -8,-14 -21,0 -17,-12 -14,-4 -7,-6 -8,-1 -7,0 -5,2
1952 HUN 1611,418 2,9 9,12 6,27 4,5 12,8 12,15 12,7 21,8 6,6 9,14 15,6 14,11 6,3 6,1 6,-2 5,-3 7,-14 -1,-6 -4,-9 -17,-19 -11,-7 -9,-4 -14,-12 -11,-14 -5,-11 -18,-12 -13,-14 -7,-5 -17,-9 -17,-4 -5,1 -3,3
1953 HUN 1515,453 -6,5 -6,10 -13,5 -7,7 -6,18 -5,28 1,16 4,3 5,-1 18,-6 18,9 5,2 5,0 5,-3 29,-26 10,-6 12,-3 3,-4 -1,-11 -5,-9 -29,-36 -19,-2
1954 HUN 1420,646 -6,5 -1,4 0,28 3,11 4,4 3,16 5,9 3,26 4,6 18,9 18,5 12,-2 14,-9 20,1 3,-1 4,-8 5,-14 1,-11 -8,-6 -11,0 -9,-2 -9,-8 -5,-12 -1,-21 2,-19 -2,-6 -49,-6
2405 MOL 1888,445 -21,1 -5,3 -9,9 -4,6 -1,7 5,3 12,3 16,10 21,23 22,29 16,18 0,-96 -26,-20 -7,0
2424 POL 1581,315 -10,15 -3,12 -14,31 1,3 5,7 13,8 11,2 4,-1 2,-14 3,-5 26,-1 13,2 3,7 13,4 7,9 4,1 3,0 10,-7 24,-31 2,-4 -1,-8 -3,-4 -11,-9 -4,-8 -7,-4 -74,-24
2746 TUR 1547,776 -6,9 -3,10 -8,7 -4,5 -5,15 1,5 8,4 4,4 -1,33 5,5 14,5 7,0 9,-5 7,-1 23,9 8,1 7,-2 6,-4 3,-6 2,-8 -2,-10 -3,-2 -7,-3 -2,-8 -5,-8 -20,-20 -9,-14 -1,-7 2,-5 8,-6 3,-3 -1,-7 -6,-5 -11,-3 -5,1 -10,6
2750 TUR 1819,940 -105,12 -10,2 -3,4 -6,2 -3,6 -2,19 -5,4 -12,5 -4,8 -7,33 1,11 6,4 9,1 6,-2 3,-4 9,-2 10,2 5,3 4,1 18,-1 4,1 2,8 5,1 62,-7 16,-5 5,-13 10,-7 5,-7 12,-32 4,-5 6,-3 -5,-25 -5,-7 -9,-4 -12,-3
2753 FRA 199,865 -8,8 -2,8 2,2 4,2 1,3 -2,21 2,6 9,7 2,10 3,3 10,2 9,-1 5,-4 10,-18 5,-7 13,-11 1,-4 -3,-10 -13,-16 -7,-3 -24,2 -9,-4
2955 BAV 803,407 -9,3 -19,2 -14,4 -8,5 -3,8 -13,3 -4,3 -1,4 3,5 6,5 8,4 12,2 18,-6 11,11 3,1 10,-6 18,-5 8,-4 6,-7 6,-10 1,-7 -1,-3 -14,-13 -11,-5 -9,1
2956 BAV 904,363 -2,6 -7,10 -4,3 -9,2 -8,10 -10,3 -2,3 1,5 6,9 35,22 10,1 11,-5 8,0 3,1 3,6 11,3 12,9 9,1 11,-3 2,-3 1,-6 -2,-16 -6,-15 -5,-6 -28,-20 -10,-10 -15,-18 -11,-7 -3,0 -2,3
2957 BAV 846,360 -12,6 -6,12 -16,15 -2,5 13,5 15,11 6,3 6,0 6,-2 4,-3 3,-11 3,-4 9,-3 3,-5 2,-7 -1,-8 -3,-8 -5,-7 -9,-6 -7,0
2958 TEU 1372,-20 -12,18 1,5 11,2 10,6 30,26 14,11 12,-1 24,-7 20,-9 4,-4 -2,-4 -15,-9 -14,-19 -5,-3 -9,-3 -13,-9
2959 POL 1522,262 -3,5 -12,3 -5,11 -7,2 -11,10 -7,11 0,6 3,5 4,4 22,6 18,11 22,9 15,9 6,-9 7,-20 28,-35 4,-9 -2,-3 -9,-2 -7,-5 -19,-9 -34,-10 -10,0 -2,4
2960 POL 1445,307 -5,3 -2,4 -4,2 -56,3 -22,5 -4,2 -5,7 -5,13 1,4 10,2 16,-2 11,0 9,6 13,11 11,6 4,1 3,-2 4,-6 6,-2 38,1 5,-2 3,-5 4,-1 14,1 28,14 13,-1 14,7 5,-4 3,-8 1,-6 -2,-6 -4,-5 -7,-4 -21,-9 -22,-12 -15,-4 -5,-3 -10,-11 -10,-2
2961 POL 1761,318 -33,14 -14,9 -10,3 -4,4 -4,9 1,9 4,2 20,4 9,6 4,8 4,3 48,8 8,2 5,5 19,2 11,7 4,-1 0,-6 -4,-12 3,-14 0,-15 -3,-14 -2,-4 -3,-3 -30,-12 -25,-19 -5,1
2962 LIT 1848,212 -23,7 -7,-1 -17,3 -16,6 -4,3 -1,8 2,19 -1,5 -6,3 -3,8 -5,6 -18,16 29,25 14,10 35,16 3,7 1,11 3,4 4,1 19,-4 37,-14 25,-4 7,-3 5,-6 3,-8 2,-13 -1,-47 -3,-15 -3,-3 -9,-2 -2,-4 -6,-3 -32,-9 -4,-6 -3,-13 -5,-3
2963 POL 1175,-14 -6,13 -9,4 -11,9 -11,14 -4,12 -4,28 22,-1 8,-3 13,-10 8,-3 9,-1 9,2 8,3 7,6 13,21 9,6 37,18 9,2 4,-3 9,-14 4,-11 1,-6 -9,-10 -4,-12 -9,-4 -3,-15 -3,-5 -12,-7 -8,0 -14,1 -10,-2 -31,-25 -14,-9 -5,-1
2964 BRA 811,54 -10,3 -18,1 -8,3 -7,4 -4,5 -2,5 7,11 2,11 10,10 3,8 3,3 9,1 4,-2 6,-5 17,-3 10,-6 6,-10 3,-15 10,-15 -9,-3 -6,-5 -11,-4 -11,-1
2965 SAX 871,228 -10,11 -9,0 -2,1 -2,9 -5,3 -2,4 0,11 7,9 12,5 16,3 11,9 5,-3 20,-26 18,-12 3,-5 -1,-9 -3,-6 -10,-11 -6,-4 -8,-2 -7,-11 -4,-1 -4,1 -4,3
2966 SIL 1103,118 -43,23 -1,2 5,15 10,19 10,12 5,4 4,1 7,-4 9,5 5,0 28,-16 1,0 2,4 3,2 4,2 9,-1 6,-5 2,-5 -1,-3 -7,-11 -7,-6 -9,1 -6,-4 -4,-9 -5,-14 -10,-11 -8,-2
2967 BOH 916,260 -27,32 -3,0 -8,-7 -8,-3 -7,0 -5,3 1,5 7,6 1,8 4,6 23,23 35,-18 10,-7 5,-8 2,-8 -1,-10 -7,-19 -3,-4 -8,-4 -5,1
2968 BOH 1066,336 -5,1 -12,0 -20,5 -26,11 -12,9 -23,34 13,18 8,6 5,2 29,0 12,-2 5,-6 5,-12 8,-9 40,-18 11,-7 3,-4 1,-12 -2,-11 -3,-5 -5,-1 -9,1 -7,-4 -6,-2 -7,2
2969 BRA 1014,70 1,13 -1,4 -12,9 -1,2 5,13 9,12 6,1 15,1 5,4 7,8 4,3 6,0 17,-6 28,-17 6,-7 -5,-35 -2,-7 -3,-2 -10,-3 -9,0 -39,5 -22,-6 -3,3
2970 BOH 1057,235 5,35 13,17 5,9 3,12 2,21 3,6 14,1 4,5 10,-9 8,-4 10,-2 19,1 6,-3 4,-16 4,-7 -16,-19 -1,-7 0,-14 -23,-1 -15,-8 -28,-10 -5,-3 -3,-4 -6,-2 -8,0
2971 BRU 595,62 -5,5 -2,5 0,6 2,8 9,14 11,9 21,2 14,-2 5,-3 11,-9 8,-9 3,-7 -2,-12 -3,-5 -28,1 -8,-3 -16,-9
2972 KOL 609,112 -4,11 -9,5 -17,12 18,7 7,6 0,12 5,8 -1,12 1,3 26,5 7,5 4,6 3,2 3,0 3,-3 9,-14 5,-10 4,-15 -1,-6 -2,-3 -8,-3 1,-10 -1,-5 -20,-12 -8,-11 -6,-3 -14,-1
2973 MUN 494,77 -5,6 1,15 -5,23 2,6 9,11 1,3 -4,4 -9,1 -4,3 15,11 17,6 15,-27 7,-8 14,-11 1,-7 -10,-10 1,-17 -4,-7 -3,-3 -23,-3
2974 LIE 389,197 -5,6 -3,10 -5,3 -1,4 1,26 -2,5 -4,4 3,5 4,3 4,-1 15,-10 17,2 4,-2 2,-8 7,-5 3,-12 6,-6 0,-4 -6,-8 -5,-4 -12,-4 -5,-6 -6,-1
2975 KLE 446,147 1,24 -3,8 -9,15 22,0 40,-2 12,-7 21,-9 -36,-17 -22,-15 -5,-2 -12,-1 -5,2
2976 PAP 859,884 1,10 -1,6 -13,33 -1,8 1,5 4,5 17,8 7,7 20,24 5,11 6,2 9,-1 7,-3 8,-11 2,-7 0,-16 10,-11 -3,-10 -5,-8 -9,-4 -6,-6 -17,-32 -7,-8 -16,-3 -9,-7 -5,1
2977 URB 855,834 -4,7 -1,7 0,7 3,6 13,8 12,13 11,3 11,0 6,-19 14,-15 -46,-28 -12,6
2978 LAN 817,829 -2,4 0,8 7,11 -5,2 -2,3 1,23 -1,5 -5,5 0,3 1,4 10,8 28,14 10,-17 1,-6 -1,-13 11,-11 -14,-9 -4,-5 -7,-26 -7,-10 -5,-3 -4,0 -5,2
2979 MLO 596,642 -3,22 -4,6 -10,9 -5,6 -2,13 1,10 2,4 5,3 2,9 6,4 2,7 3,4 16,12 -1,1 -6,1 -3,3 -1,5 3,9 5,3 18,-7 32,2 4,-4 2,-5 -1,-5 -6,-6 -10,-19 -14,-5 -3,-13 -5,-4 -2,-3 -2,-11 -5,-3 -2,-4 1,-10 5,-4 2,-3 -1,-11 -6,-5 -4,-10 -4,-5 -5,1
2980 LUC 703,812 -1,8 5,10 18,13 11,21 7,7 8,4 7,0 6,-3 4,-7 1,-15 -2,-7 -10,-12 -17,-10 -19,-8 -15,-2
2981 MFA 551,727 2,6 7,7 2,6 -6,31 0,8 5,7 11,8 5,0 6,-2 15,-10 10,-11 -1,-3 -6,-4 -2,-9 3,-7 6,-2 1,-1 -16,-12 -7,-12 -10,-5 -18,-4 -5,3
2983 NAP 1047,1072 -2,18 -5,10 50,0 -5,-5 -9,-4 -1,-2 3,-7 -1,-5 -5,-8 -5,-2 -12,-1 -5,1
2985 NAP 1043,1006 -8,14 -7,6 -2,4 0,12 3,4 11,6 8,9 10,4 13,1 6,11 1,14 5,3 6,1 6,-2 2,-12 10,-5 10,-13 5,-15 -2,-5 1,-3 15,-15 2,-5 -2,-3 -7,-3 -59,-5 -23,-4
2987 ARA 75,956 6,18 0,9 -11,27 0,6 8,3 14,12 8,2 10,-1 23,-7 11,0 5,-2 7,-37 -6,-2 -24,-16 -25,-12 -18,-6 -7,2
2988 ARA 58,1027 -8,18 -11,6 -5,6 -15,33 0,7 1,3 60,0 7,-8 24,-16 2,-2 -2,-7 -7,-9 1,-3 -8,-7 12,-8 0,-4 -15,-5 -13,-10 -8,-4 -8,3
2990 ARA 18,1096 -5,-3 -5,0 -23,6 -2,-2 -3,-5 0,8 40,0
2991 PRO 480,789 -11,2 -27,2 -6,2 -2,4 -3,1 -20,4 -8,8 -1,5 3,13 3,5 8,6 3,10 3,4 10,7 22,4 14,7 10,10 2,8 6,2 15,-7 8,-8 1,-4 -4,-11 -9,-13 -4,-13 3,-16 8,-21 0,-6 -9,-8 -7,-3 -4,2
2992 GEN 613,773 -57,62 -6,11 0,6 3,3 14,-1 16,-7 24,-28 14,-12 7,-3 1,-6 -4,-10
2993 BRA 913,-20 -5,10 -7,3 -1,6 0,21 4,5 15,3 40,-3 34,4 0,-3 -8,-13 -11,-11 -9,-5 -2,-11 -6,-6 -9,0 -7,5 -9,2 -7,-2 -2,-5
2994 POM 957,-20 5,6 4,13 11,7 27,28 6,5 3,0 5,-13 6,-31 0,-6 -4,-2 -11,-2 -14,-5
2995 POM 1182,-20 20,16 5,7 4,1 11,-1 7,-4 1,-8 -1,-11
2996 MKL 776,-20 2,13 -3,2 -7,2 -2,3 0,4 6,8 13,8 6,12 6,4 8,-2 14,-12 24,-24 12,-18
2997 TEU 1229,-20 0,17 -5,6 -8,4 1,3 4,5 9,5 24,-1 25,6 30,-18 4,-11 8,-12 1,-4
2998 WAL 1879,670 -4,2 -5,-1 -3,2 -7,15 -7,10 -11,5 -12,2 -4,4 -12,37 -1,7 2,10 2,4 12,6 3,5 8,2 3,4 5,12 14,2 12,6 8,10 2,6 2,1 19,1 35,-5 0,-120 -5,0 -8,-4 -21,-16 -12,-5 -3,-6 -2,-1 -7,0 -2,2
3000 SER 1488,865 -7,8 -2,4 2,31 -4,7 -14,14 21,16 16,16 8,13 1,7 3,3 8,0 16,-4 16,-6 10,-6 6,-6 2,-7 -1,-15 10,-15 0,-10 -3,-11 -7,-11 -11,-10 -25,-14 -5,-10 -10,-9 -3,0 -4,1
3001 TUR 1516,985 -31,20 -30,7 -16,12 -3,9 2,30 4,13 4,4 2,6 4,4 11,4 15,0 9,-4 26,-17 14,-6 6,-1 16,3 15,-3 6,-3 4,-5 8,-18 5,-4 9,-5 5,-6 -1,-6 -8,-9 -12,-6 -14,-4 -23,-16 -12,-2
3002 BOS 1321,808 -13,10 -25,9 -3,3 0,4 18,22 4,6 2,14 8,7 13,4 12,1 10,0 15,-4 5,-4 3,-13 7,-15 -1,-4 -11,-11 5,-11 1,-5 -12,-14 -19,-15
4111 FRA -16,724 14,4 16,-3 8,-7 3,-14 -4,-18 -8,-11 -6,-13 -10,-37 -7,-11 -10,-7 0,114
4112 FRA 119,774 -30,12 -11,-1 -11,2 -18,8 0,3 2,5 11,14 6,5 13,7 5,12 7,4 33,6 10,-2 11,-8 13,-12 11,-14 6,-10 1,-4 -2,-9 -8,-14 -6,-5 -10,4 -6,1
4125 HUN 1411,466 -7,5 -2,4 -2,25 -4,17 6,48 3,10 11,6 14,1 17,-2 15,-3 12,-5 4,-7 -6,-26 6,-48 -4,-14 -4,-3 -11,-3 -6,-10 -4,-2 -13,0
4126 HUN 1346,612 -16,22 -6,14 4,19 8,19 5,7 8,3 7,6 44,8 7,2 2,3 4,2 5,-1 3,-7 0,-8 -2,-4 -3,-3 -2,-5 -3,-26 -2,-12 -10,-19 -6,-7 -36,-17 -8,0 -2,1
4127 HUN 1664,514 -1,21 -1,4 -9,12 -12,12 -15,11 -20,5 -5,3 -7,8 -1,4 1,7 5,7 14,11 8,3 17,0 8,14 15,0 11,8 3,0 31,-14 16,-1 -10,-9 -4,-7 -1,-7 2,-8 4,-6 8,-5 12,-3 3,-2 4,-9 2,-11 -1,-4 -11,-13 -14,-11 -12,-5 -11,-15 -6,-5 -13,-3 -6,2
4128 HUN 1699,632 -22,14 0,4 6,11 -1,7 -3,2 -18,1 -7,3 -6,7 -7,14 -3,10 0,2 12,2 12,6 65,-1 37,6 8,-5 9,-9 8,-9 4,-9 6,-5 -2,-3 -27,-33 -7,-3 -18,-3 -9,-9 -8,-2 -19,0
4154 W -12,943 19,0 2,4 5,2 25,3 6,2 4,3 8,2 11,-1 11,-7 11,1 24,10 22,12 9,7 7,1 17,1 7,-1 4,-2 2,-5 0,-12 -5,-11 -4,-1 -12,5 -13,-1 -13,-6 -6,-7 -11,-3 -95,-4 -15,-6 -17,1 -11,-8 0,19
4155 W 1592,391 3,6 9,8 29,3 19,9 8,5 13,15 18,12 10,18 13,14 7,5 10,4 15,12 13,16 3,6 0,11 -5,10 2,5 15,12 11,6 2,8 5,8 33,40 18,26 2,9 -13,25 -9,5 -26,-2 -5,1 -3,10 -11,10 1,6 6,3 18,-3 27,-8 24,-9 7,-10 2,-9 1,-12 -3,-11 -18,-30 -3,-10 -1,-9 -4,-10 -29,-32 -3,-10 0,-17 -3,-8 -18,-21 -14,-19 -7,-6 -21,-14 -16,-21 -7,-3 -12,-3 -4,-12 -7,-8 -25,-22 -13,-6 -8,-9 -13,-4 -3,-7 -20,-2 -19,1 -3,6
4157 W 490,684 -7,9 0,3 12,12 0,8 -3,5 -5,5 -14,6 -18,1 -7,5 -4,6 2,3 9,2 -1,7 2,10 7,10 4,3 24,7 17,3 5,-1 3,-3 3,-12 -7,-29 8,-20 -8,-20 9,-16 0,-13 4,-6 0,-5 -3,-3 -4,0
4159 W 940,548 -21,3 -67,4 -16,3 -4,3 0,2 1,2 8,5 17,3 12,6 11,2 6,-2 5,-6 20,-3 20,-9 19,-5 4,-2 2,-4 -1,-3 -4,-4 -6,1
4160 W 740,589 -18,9 -22,17 -8,3 -42,-4 -8,0 -2,2 -1,4 2,4 4,2 13,2 2,4 2,10 5,3 10,-7 8,-2 26,1 28,-12 8,2 15,8 5,-1 7,-9 4,-13 3,-15 -1,-10 -7,-5 -6,0
4161 W 609,618 -30,23 -20,10 -12,10 -2,4 0,4 2,5 13,8 6,2 8,-2 7,-4 7,-6 4,-8 5,-19 16,-20 3,-7 -1,-1 -3,-1
4162 W 534,592 -8,5 -7,5 -3,6 -1,5 3,4 31,-2 31,-5 -4,-12 -3,-5 -5,-2 -11,1 -9,-4
4173 HUN 1332,703 -12,10 -8,12 -1,5 1,6 3,5 5,3 18,3 36,-2 8,4 9,8 11,4 6,-1 12,-7 6,-6 3,-7 1,-7 -2,-7 -4,-5 -13,-5 -7,-5 -43,-7 -12,-5 -7,0
4174 VEN 1371,1040 -7,6 -2,28 2,13 2,5 -5,8 31,0 -4,-16 -3,-22 2,-7 6,-8 1,-5 -2,-3 -4,-3 -6,0
4175 ALB 1387,980 -21,25 -6,14 11,4 4,13 12,1 6,4 -1,7 -5,7 -2,7 3,22 4,16 48,0 8,-12 0,-7 -6,-5 -2,-7 -3,-18 -1,-17 2,-9 11,-11 1,-1 -14,-12 -17,-8 -4,-10 -9,-3 -3,-6 -3,-2 -8,3
4176 SER 1485,767 -11,17 -5,14 -2,8 1,9 3,9 14,24 9,11 7,-2 16,-8 4,2 5,6 2,0 6,-9 1,-9 -4,-7 -9,-5 -1,-4 5,-14 11,-14 3,-7 2,-7 1,-12 -3,-3 -5,-3 -34,-5 -8,1
4236 HUN 1320,343 -10,4 -19,3 -10,13 -16,4 -11,6 -6,8 -4,6 1,7 5,10 5,4 9,4 5,0 10,-6 2,5 3,0 9,-3 11,-10 13,-4 49,-3 34,4 8,-2 1,-2 -2,-3 -6,-7 1,-6 -2,-6 -7,-10 -9,-7 -9,-3 -31,3 -2,-4 2,-10 -4,-3 -10,1
4237 BOH 1168,303 -4,7 -3,14 1,4 11,2 -1,4 -4,8 2,1 17,1 3,11 9,12 2,12 4,4 25,3 11,-2 8,-4 12,-12 20,-6 5,-5 4,-8 0,-7 -1,-3 -12,-11 -12,-6 -15,1 -11,-3 -31,-28 -7,-4 -7,-1 -6,1 -7,3
4238 SIL 1122,192 -10,4 -10,-6 -4,0 -3,3 -4,15 -5,38 24,5 19,10 21,0 1,22 9,9 10,5 3,0 9,-7 23,-8 3,-11 -2,-11 -5,-2 -9,0 -6,-4 -17,-29 -1,-15 -9,-19 -17,-11 -6,1
4239 SER 1349,748 -5,13 -5,7 -1,7 2,7 5,4 3,12 3,3 8,0 19,5 8,0 4,-2 22,-19 6,-3 6,-1 10,-5 13,-14 -1,-1 -13,-6 -4,-5 -17,8 -11,3 -10,-4 -12,-9 -17,-4 -8,1
4240 HUN 1232,504 -1,14 -12,1 -4,5 2,3 7,2 3,3 -1,5 -5,6 -5,23 5,8 16,10 9,4 8,-1 14,-5 5,0 16,12 17,7 7,-1 7,-6 8,-13 0,-10 -8,-18 -8,-13 -11,-2 0,-5 3,-8 -8,-7 -3,-11 -4,0 -18,5 -9,0 -9,-2 -19,-8
4247 LIT 1940,173 -29,10 -15,0 -7,5 -10,17 -3,10 -1,9 3,7 2,3 36,11 4,5 10,3 6,8 4,3
